-1.25622
-1.06902
-0.862114
-0.862114
-0.842409
-0.832556
-0.812851
-0.802998
-0.802998
-0.793145
-0.793145
-0.783292
-0.783292
-0.77344
-0.763587
-0.763587
-0.753734
-0.743881
-0.743881
-0.743881
-0.734029
-0.734029
-0.734029
-0.734029
-0.734029
-0.724176
-0.724176
-0.714323
-0.714323
-0.70447
-0.694618
-0.694618
-0.684765
-0.684765
-0.684765
-0.674912
-0.66506
-0.66506
-0.655207
-0.655207
-0.655207
-0.655207
-0.645354
-0.645354
-0.645354
-0.635501
-0.635501
-0.635501
-0.635501
-0.635501
-0.625649
-0.625649
-0.625649
-0.625649
-0.625649
-0.625649
-0.615796
-0.615796
-0.615796
-0.615796
-0.615796
-0.615796
-0.615796
-0.605943
-0.605943
-0.605943
-0.59609
-0.59609
-0.59609
-0.59609
-0.586238
-0.586238
-0.576385
-0.566532
-0.556679
-0.556679
-0.556679
-0.556679
-0.556679
-0.556679
-0.556679
-0.546827
-0.546827
-0.546827
-0.546827
-0.536974
-0.536974
-0.527121
-0.527121
-0.527121
-0.517268
-0.517268
-0.507416
-0.507416
-0.507416
-0.507416
-0.507416
-0.497563
-0.497563
-0.497563
-0.497563
-0.48771
-0.48771
-0.48771
-0.48771
-0.48771
-0.48771
-0.48771
-0.48771
-0.48771
-0.477858
-0.477858
-0.477858
-0.477858
-0.468005
-0.468005
-0.468005
-0.468005
-0.458152
-0.458152
-0.458152
-0.458152
-0.458152
-0.458152
-0.458152
-0.448299
-0.448299
-0.448299
-0.448299
-0.448299
-0.438447
-0.438447
-0.438447
-0.438447
-0.438447
-0.438447
-0.438447
-0.428594
-0.428594
-0.418741
-0.418741
-0.418741
-0.418741
-0.418741
-0.418741
-0.418741
-0.418741
-0.418741
-0.408888
-0.408888
-0.408888
-0.408888
-0.408888
-0.408888
-0.408888
-0.408888
-0.399036
-0.399036
-0.399036
-0.399036
-0.389183
-0.389183
-0.389183
-0.389183
-0.389183
-0.389183
-0.37933
-0.37933
-0.37933
-0.37933
-0.37933
-0.37933
-0.37933
-0.369477
-0.369477
-0.369477
-0.369477
-0.369477
-0.369477
-0.369477
-0.369477
-0.369477
-0.369477
-0.369477
-0.359625
-0.359625
-0.359625
-0.359625
-0.359625
-0.359625
-0.359625
-0.359625
-0.359625
-0.349772
-0.349772
-0.349772
-0.349772
-0.349772
-0.349772
-0.339919
-0.339919
-0.339919
-0.339919
-0.339919
-0.339919
-0.339919
-0.339919
-0.339919
-0.339919
-0.339919
-0.330067
-0.330067
-0.320214
-0.320214
-0.320214
-0.320214
-0.320214
-0.320214
-0.320214
-0.320214
-0.320214
-0.310361
-0.310361
-0.310361
-0.310361
-0.310361
-0.310361
-0.310361
-0.300508
-0.300508
-0.300508
-0.300508
-0.300508
-0.300508
-0.300508
-0.290656
-0.290656
-0.290656
-0.290656
-0.290656
-0.280803
-0.280803
-0.280803
-0.280803
-0.280803
-0.280803
-0.27095
-0.27095
-0.27095
-0.27095
-0.27095
-0.27095
-0.27095
-0.27095
-0.27095
-0.27095
-0.261097
-0.261097
-0.261097
-0.261097
-0.251245
-0.251245
-0.251245
-0.241392
-0.241392
-0.241392
-0.241392
-0.241392
-0.241392
-0.241392
-0.241392
-0.231539
-0.231539
-0.231539
-0.231539
-0.231539
-0.231539
-0.231539
-0.221686
-0.221686
-0.221686
-0.221686
-0.221686
-0.211834
-0.211834
-0.211834
-0.201981
-0.201981
-0.201981
-0.201981
-0.201981
-0.192128
-0.192128
-0.192128
-0.192128
-0.192128
-0.192128
-0.192128
-0.192128
-0.192128
-0.182275
-0.182275
-0.182275
-0.182275
-0.182275
-0.172423
-0.172423
-0.172423
-0.172423
-0.172423
-0.172423
-0.172423
-0.172423
-0.172423
-0.172423
-0.16257
-0.16257
-0.16257
-0.152717
-0.152717
-0.152717
-0.152717
-0.152717
-0.152717
-0.142865
-0.142865
-0.142865
-0.142865
-0.142865
-0.133012
-0.133012
-0.133012
-0.133012
-0.133012
-0.133012
-0.133012
-0.133012
-0.133012
-0.133012
-0.133012
-0.133012
-0.133012
-0.133012
-0.123159
-0.123159
-0.123159
-0.123159
-0.123159
-0.123159
-0.123159
-0.123159
-0.123159
-0.123159
-0.123159
-0.123159
-0.123159
-0.113306
-0.113306
-0.113306
-0.113306
-0.113306
-0.113306
-0.113306
-0.113306
-0.113306
-0.113306
-0.113306
-0.103454
-0.103454
-0.103454
-0.103454
-0.103454
-0.103454
-0.103454
-0.0936009
-0.0936009
-0.0936009
-0.0936009
-0.0936009
-0.0936009
-0.0936009
-0.0936009
-0.0936009
-0.0936009
-0.0936009
-0.0936009
-0.0936009
-0.0837482
-0.0837482
-0.0837482
-0.0837482
-0.0837482
-0.0837482
-0.0837482
-0.0837482
-0.0837482
-0.0837482
-0.0837482
-0.0837482
-0.0738954
-0.0738954
-0.0738954
-0.0738954
-0.0738954
-0.0738954
-0.0738954
-0.0738954
-0.0738954
-0.0738954
-0.0640427
-0.0640427
-0.0640427
-0.0640427
-0.0640427
-0.0640427
-0.0640427
-0.0640427
-0.05419
-0.05419
-0.05419
-0.05419
-0.05419
-0.05419
-0.05419
-0.05419
-0.05419
-0.05419
-0.05419
-0.0443372
-0.0443372
-0.0443372
-0.0344845
-0.0344845
-0.0344845
-0.0344845
-0.0344845
-0.0344845
-0.0344845
-0.0344845
-0.0344845
-0.0246318
-0.0246318
-0.0246318
-0.0246318
-0.0246318
-0.0246318
-0.0246318
-0.0246318
-0.0246318
-0.0246318
-0.0246318
-0.0246318
-0.0246318
-0.0246318
-0.014779
-0.014779
-0.014779
-0.014779
-0.014779
-0.014779
-0.014779
-0.014779
-0.014779
-0.014779
-0.014779
-0.014779
-0.014779
-0.00492629
-0.00492629
-0.00492629
-0.00492629
-0.00492629
-0.00492629
-0.00492629
-0.00492629
-0.00492629
-0.00492629
-0.00492629
0.00492644
0.00492644
0.00492644
0.00492644
0.00492644
0.00492644
0.00492644
0.00492644
0.00492644
0.00492644
0.00492644
0.00492644
0.0147792
0.0147792
0.0147792
0.0147792
0.0147792
0.0147792
0.0147792
0.0147792
0.0147792
0.0147792
0.0147792
0.0147792
0.0147792
0.0147792
0.0147792
0.0147792
0.0147792
0.0147792
0.0147792
0.0246319
0.0246319
0.0246319
0.0246319
0.0246319
0.0246319
0.0246319
0.0246319
0.0246319
0.0246319
0.0246319
0.0246319
0.0246319
0.0246319
0.0344846
0.0344846
0.0344846
0.0344846
0.0344846
0.0344846
0.0344846
0.0344846
0.0344846
0.0344846
0.0344846
0.0344846
0.0443374
0.0443374
0.0443374
0.0443374
0.0443374
0.0443374
0.0443374
0.0443374
0.0443374
0.0443374
0.0443374
0.0443374
0.0541901
0.0541901
0.0541901
0.0541901
0.0541901
0.0541901
0.0541901
0.0541901
0.0541901
0.0640428
0.0640428
0.0640428
0.0640428
0.0640428
0.0640428
0.0640428
0.0640428
0.0640428
0.0640428
0.0640428
0.0640428
0.0640428
0.0640428
0.0640428
0.0640428
0.0640428
0.0738956
0.0738956
0.0738956
0.0738956
0.0738956
0.0738956
0.0738956
0.0738956
0.0738956
0.0738956
0.0738956
0.0738956
0.0738956
0.0738956
0.0738956
0.0837483
0.0837483
0.0837483
0.0837483
0.0837483
0.0837483
0.0837483
0.0837483
0.093601
0.093601
0.093601
0.093601
0.093601
0.093601
0.093601
0.093601
0.093601
0.093601
0.093601
0.103454
0.103454
0.103454
0.103454
0.103454
0.103454
0.103454
0.103454
0.103454
0.103454
0.113307
0.113307
0.113307
0.113307
0.123159
0.123159
0.123159
0.123159
0.123159
0.123159
0.123159
0.123159
0.123159
0.123159
0.123159
0.123159
0.133012
0.133012
0.133012
0.133012
0.133012
0.133012
0.133012
0.142865
0.142865
0.142865
0.142865
0.142865
0.152717
0.152717
0.152717
0.152717
0.152717
0.152717
0.152717
0.152717
0.152717
0.16257
0.16257
0.16257
0.16257
0.16257
0.16257
0.16257
0.16257
0.172423
0.172423
0.172423
0.172423
0.172423
0.172423
0.172423
0.182276
0.182276
0.182276
0.182276
0.182276
0.182276
0.182276
0.182276
0.182276
0.192128
0.192128
0.192128
0.192128
0.192128
0.201981
0.201981
0.201981
0.201981
0.201981
0.211834
0.211834
0.211834
0.211834
0.211834
0.211834
0.211834
0.211834
0.211834
0.221687
0.221687
0.221687
0.221687
0.221687
0.231539
0.231539
0.231539
0.231539
0.231539
0.231539
0.231539
0.231539
0.231539
0.231539
0.231539
0.231539
0.231539
0.231539
0.231539
0.231539
0.241392
0.241392
0.241392
0.241392
0.241392
0.241392
0.241392
0.241392
0.251245
0.251245
0.251245
0.251245
0.251245
0.251245
0.251245
0.251245
0.251245
0.261097
0.261097
0.261097
0.261097
0.261097
0.27095
0.27095
0.27095
0.27095
0.27095
0.280803
0.280803
0.280803
0.280803
0.280803
0.280803
0.280803
0.280803
0.290656
0.290656
0.290656
0.290656
0.290656
0.290656
0.290656
0.300508
0.300508
0.310361
0.310361
0.310361
0.310361
0.310361
0.320214
0.320214
0.320214
0.320214
0.320214
0.320214
0.320214
0.330067
0.330067
0.330067
0.339919
0.339919
0.339919
0.339919
0.339919
0.349772
0.349772
0.359625
0.359625
0.359625
0.369478
0.369478
0.369478
0.37933
0.37933
0.37933
0.37933
0.37933
0.37933
0.37933
0.389183
0.389183
0.389183
0.389183
0.399036
0.399036
0.399036
0.399036
0.408888
0.408888
0.408888
0.408888
0.418741
0.428594
0.438447
0.438447
0.438447
0.438447
0.448299
0.448299
0.448299
0.448299
0.448299
0.458152
0.468005
0.468005
0.477858
0.477858
0.48771
0.48771
0.48771
0.497563
0.497563
0.507416
0.527121
0.536974
0.546827
0.556679
0.566532
0.586238
0.625649
0.625649
0.674912
