-0.564256072
-0.561912179
-0.5618569255
-0.5607852936
-0.5531422496
-0.5113201737
-0.5063359737
-0.4994640052
-0.4916092157
-0.4724507034
-0.4702460766
-0.4687567949
-0.4667500556
-0.4655544758
-0.4587983489
-0.4346573949
-0.4266622066
-0.4190993309
-0.4187194705
-0.4178341031
-0.4112816155
-0.4101679623
-0.4048027694
-0.3993439376
-0.3983101249
-0.3931562304
-0.3896659315
-0.3889096081
-0.3853710294
-0.3814676404
-0.3802361488
-0.3792692423
-0.3792580068
-0.3776890934
-0.3755513132
-0.374358505
-0.3688857853
-0.3608745039
-0.3595819771
-0.3530649543
-0.3502656817
-0.3502444327
-0.3497201204
-0.3452702761
-0.3433487713
-0.341489464
-0.3411394358
-0.3396520317
-0.3366591632
-0.3361295164
-0.3354741931
-0.3310262859
-0.3297475874
-0.3255001307
-0.3209596574
-0.319072932
-0.3172620535
-0.3151798844
-0.3142311871
-0.3117843866
-0.3101401925
-0.3092523515
-0.3088138998
-0.3069994152
-0.3067159653
-0.303768754
-0.3019826114
-0.300211072
-0.2986933589
-0.296867758
-0.2920810878
-0.2918600738
-0.2842536867
-0.2836663723
-0.2820954919
-0.2819198966
-0.2775735855
-0.2764290273
-0.2761775255
-0.2749771476
-0.2748794258
-0.2742864788
-0.2681083977
-0.2672744095
-0.2663616836
-0.2653571069
-0.261780262
-0.2589362562
-0.2561946511
-0.2552684844
-0.2534224093
-0.2529863715
-0.2526547611
-0.2502556145
-0.250031203
-0.2499931753
-0.249775216
-0.2478068471
-0.2458155751
-0.2455613762
-0.24428536
-0.2421028018
-0.2354091406
-0.2340721637
-0.2324015349
-0.2310983986
-0.2299541235
-0.2293462902
-0.228610456
-0.2284137756
-0.2284098864
-0.2259916067
-0.2251979262
-0.2248720378
-0.2248145193
-0.2246673107
-0.2233951241
-0.2232214808
-0.2222192585
-0.2211382836
-0.2210646272
-0.2187816203
-0.2186889797
-0.2184685767
-0.2182845175
-0.2139056623
-0.2135732621
-0.2131864578
-0.2095441967
-0.2065994143
-0.2055612355
-0.2046670616
-0.1992098838
-0.1992079616
-0.1972100288
-0.1971356273
-0.1967090964
-0.1955416203
-0.1948072165
-0.1944742203
-0.1913243681
-0.1907180697
-0.1887972206
-0.1880509108
-0.1879119426
-0.1876964718
-0.1865765005
-0.1858460456
-0.1853766292
-0.184982866
-0.1844476163
-0.1842910498
-0.1835763901
-0.1835272461
-0.1815998852
-0.1812317818
-0.180420205
-0.18037045
-0.1789208502
-0.1752419472
-0.1749652177
-0.1737260073
-0.1734321564
-0.1716584861
-0.1716246754
-0.1715356857
-0.1713793725
-0.1699288189
-0.1684952229
-0.1683164835
-0.1677676588
-0.1652409136
-0.1651969701
-0.1651503444
-0.1651322097
-0.1631053835
-0.1622838229
-0.1614448279
-0.1591414809
-0.1589811444
-0.1574472338
-0.1568461061
-0.1561269164
-0.1510272473
-0.1508065313
-0.1506007314
-0.1492755562
-0.1489334255
-0.1485454738
-0.1475346088
-0.1472548693
-0.1469136029
-0.1466757357
-0.1464838088
-0.145337075
-0.1437855214
-0.1436780989
-0.1424039304
-0.1423207074
-0.1412644982
-0.1403163224
-0.1396547407
-0.1388932168
-0.1383870989
-0.1380895823
-0.1378536373
-0.1373412758
-0.1343660355
-0.1342429668
-0.133501634
-0.1320205778
-0.1312417537
-0.130498901
-0.1298231184
-0.1296880692
-0.1294034123
-0.1291808486
-0.1288287044
-0.1286758631
-0.1285318732
-0.1282030493
-0.1276824176
-0.1258597672
-0.1257732362
-0.1240748614
-0.1226173416
-0.1208024174
-0.1204611063
-0.120446004
-0.1204140559
-0.1198517308
-0.1186393276
-0.1183402762
-0.11818856
-0.1179069132
-0.117880024
-0.1162458956
-0.1158200949
-0.1157797128
-0.1145670041
-0.1141329259
-0.1127835661
-0.1108310819
-0.1094457358
-0.1084871963
-0.107789211
-0.1076481342
-0.1063622162
-0.105934903
-0.1047477201
-0.1042741761
-0.102639325
-0.1021095291
-0.1016977206
-0.1006113142
-0.09983114898
-0.09928941727
-0.09776456654
-0.09713952243
-0.09670544416
-0.09537956119
-0.09504215419
-0.09473382682
-0.09356501698
-0.09301650524
-0.09201017022
-0.09191964567
-0.09011113644
-0.09003964812
-0.08904255927
-0.08884294331
-0.08675803244
-0.08626722544
-0.08622916788
-0.0856410414
-0.08559250087
-0.08554872125
-0.08444599062
-0.08424653113
-0.08417639881
-0.08406820893
-0.0816411078
-0.08121671528
-0.08032154292
-0.07978916168
-0.07942385972
-0.07942285389
-0.07892765105
-0.07760025561
-0.07683598995
-0.07615628093
-0.07577190548
-0.07532998919
-0.07439056784
-0.07329223305
-0.07304343581
-0.07297292352
-0.0728790313
-0.07282356173
-0.07220937312
-0.07216187567
-0.07192535698
-0.07172518224
-0.07160273194
-0.07157324255
-0.07132747024
-0.07104950398
-0.07097978145
-0.07069143653
-0.07056843489
-0.07043414563
-0.06964565068
-0.06884013116
-0.06875429302
-0.06840077788
-0.06693808734
-0.06680943817
-0.06258267164
-0.06242915615
-0.06193266436
-0.06053388119
-0.0603945069
-0.05990762264
-0.05984678492
-0.05960854143
-0.05889845267
-0.05804537237
-0.05751297623
-0.05680739507
-0.05679422989
-0.0565828681
-0.05634526536
-0.05519853532
-0.05491345003
-0.0548742041
-0.05401889607
-0.05383196473
-0.05353445932
-0.05258013681
-0.05251126364
-0.05168138444
-0.05149449781
-0.05145636946
-0.05094593763
-0.0506061092
-0.05036917329
-0.05031205341
-0.05026094243
-0.05005332455
-0.04994968697
-0.04944082722
-0.04606267437
-0.0459886305
-0.04566649348
-0.04546799511
-0.04452091455
-0.04375707358
-0.0436189808
-0.04335273057
-0.04328557476
-0.0424423553
-0.04216658324
-0.04196460545
-0.04159529135
-0.04103623331
-0.04102053493
-0.04095129296
-0.04076052457
-0.0397470817
-0.03952381015
-0.03887213767
-0.03725131229
-0.0368221812
-0.03546323627
-0.03513082117
-0.03475936502
-0.03459360451
-0.03437383473
-0.03434700891
-0.03358644992
-0.03324270993
-0.03251348808
-0.02975295298
-0.02945343219
-0.02915681899
-0.02898951806
-0.02892023697
-0.02856408991
-0.02851808816
-0.02756883763
-0.02690264583
-0.02688780613
-0.02646820806
-0.0255740229
-0.02520004474
-0.02515159361
-0.02364002541
-0.02347140014
-0.02326741815
-0.02297002822
-0.02246307395
-0.02232752182
-0.02230983041
-0.02182369493
-0.02103047632
-0.02096205577
-0.01993209682
-0.01914013736
-0.01872749068
-0.01821785048
-0.01820493303
-0.01772901788
-0.01713299192
-0.01646769419
-0.01629305631
-0.01505779941
-0.01445515547
-0.0140842516
-0.0140373176
-0.01389555633
-0.01379177533
-0.01313701272
-0.01282387599
-0.01192629896
-0.01167780999
-0.01139474194
-0.01015141234
-0.01011769846
-0.009700686671
-0.009621123783
-0.009347124025
-0.009121712297
-0.009081480093
-0.008419827558
-0.00832872279
-0.007977761328
-0.007190518547
-0.007187439129
-0.006776500493
-0.006406963803
-0.005708054174
-0.004957690835
-0.004523544572
-0.004486430436
-0.00411102362
-0.003857663833
-0.003086337121
-0.002668894827
-0.002019154374
-0.001754833618
-0.001549580484
-0.0006248276331
-7.737222404e-06
9.6069758e-05
0.0007233923534
0.0007309686625
0.0007549653528
0.00201568706
0.003276881529
0.003384938696
0.004522559233
0.005093925633
0.005229851697
0.006328191608
0.006435069256
0.006867350079
0.00760884909
0.007641782518
0.008038401604
0.008191337809
0.008379639126
0.008471128531
0.01035071164
0.01076537184
0.01128957793
0.01160799339
0.01219949406
0.01363557857
0.01375565678
0.01411290932
0.01454346627
0.01467603352
0.0148732746
0.01648094505
0.01719662361
0.01823811792
0.01912214793
0.01999693364
0.02030834742
0.02076058835
0.0208563339
0.02100401931
0.02240918949
0.02277675271
0.02297448553
0.02356861904
0.02406034805
0.02418535948
0.02429702692
0.02474946901
0.02513861097
0.02548441663
0.02598576434
0.02601173706
0.02603310905
0.02605086751
0.02619749308
0.02637296356
0.02853861079
0.0292752441
0.02942046337
0.02974542417
0.0301463753
0.03145414963
0.03204697743
0.0320879072
0.03242740035
0.03351380304
0.03360688314
0.03400218114
0.0352932997
0.03620767966
0.03651659936
0.03706431389
0.03847680241
0.03859806061
0.03915655613
0.03930452093
0.03999114782
0.04064370319
0.04099395871
0.04181139544
0.04183406383
0.04297044501
0.04323588312
0.04351413622
0.04385910183
0.04406919703
0.04463556781
0.04469431937
0.04486085102
0.0450701341
0.04533995315
0.04592298344
0.04628051072
0.04666882381
0.04708702117
0.04730066285
0.04813247547
0.04817667976
0.0487555936
0.04979273304
0.04988712817
0.05001638085
0.05053263158
0.05070263892
0.0512749739
0.05161683261
0.05168245733
0.05175115168
0.05270121619
0.05310602859
0.05323452875
0.05330864713
0.05341326073
0.05355413631
0.05447309464
0.05457672477
0.05623739958
0.05640494823
0.05701805279
0.05728544295
0.05756438151
0.05759155378
0.05833948776
0.05839412659
0.05899026617
0.05997782573
0.06004225463
0.06036451086
0.06185365096
0.06212138385
0.0622766614
0.06252584606
0.06264577061
0.06281869113
0.06297583878
0.06351694465
0.0643806234
0.06462130696
0.06482982635
0.06579267979
0.0666488409
0.06719426066
0.06807749718
0.06818153709
0.0688060075
0.06882164627
0.07024519145
0.07057129592
0.07086643577
0.07122195512
0.07136107981
0.07143416256
0.07156411558
0.07165610045
0.07173864543
0.07207731158
0.07268416137
0.07268663496
0.07289751619
0.07313575596
0.07374732196
0.07472067326
0.07479704171
0.07545741647
0.07574742287
0.07695178688
0.07715720683
0.07833195478
0.07844538242
0.07906735688
0.07915322483
0.0803014636
0.08032577485
0.08035060018
0.08056429774
0.08094190806
0.08110156655
0.08117024601
0.08291395009
0.08305292577
0.0832234472
0.08331941813
0.08348046988
0.08430050313
0.08520565182
0.08547032624
0.08563832939
0.08639253676
0.08680412173
0.08773662895
0.08776950836
0.088254489
0.08925578743
0.08974887431
0.09000346065
0.09116078913
0.09229829162
0.09336646646
0.09358207881
0.09407843649
0.09528459609
0.09544487298
0.09552500397
0.0966181457
0.09833211452
0.09871281683
0.09896077961
0.09920587391
0.1004851386
0.1034271568
0.1035284996
0.1036958173
0.1051612496
0.1053676084
0.1054704562
0.1056943983
0.1063957289
0.1065483764
0.10672535
0.1068509743
0.108310923
0.1083409861
0.1090687811
0.1105113626
0.1106519178
0.1111388654
0.1111682206
0.1112306267
0.11131908
0.1113325953
0.1115538254
0.1120151207
0.1121243536
0.1126561612
0.1134647876
0.1135770231
0.1138937995
0.1145859137
0.1156339198
0.1163113639
0.1165576503
0.116866529
0.1172498614
0.1173280329
0.1183817089
0.1184423715
0.1206975728
0.121152021
0.1211594269
0.1213925034
0.1214035451
0.123093091
0.1231930107
0.1242877617
0.1247704998
0.1256696284
0.1261858046
0.1269198209
0.1270664483
0.1279394031
0.128259331
0.1287041456
0.1288434863
0.1317314059
0.1328130364
0.1328646839
0.13291049
0.1336677223
0.1354859918
0.1365627646
0.1378273666
0.1379464269
0.1391772777
0.1392997205
0.1398814023
0.1402997077
0.1407999545
0.141144827
0.1416110843
0.1426355094
0.1429211646
0.1434240192
0.1439812332
0.1448747814
0.1466170698
0.1466535628
0.146655485
0.147551313
0.1476193368
0.1491150558
0.1492862552
0.1496433616
0.1498453021
0.149873808
0.1512398422
0.1537044793
0.1550357491
0.1562232375
0.1583176255
0.1591044366
0.1591663361
0.1606695652
0.1620372981
0.1626231521
0.1632841676
0.1640363783
0.1661748588
0.1670141518
0.1684775949
0.168800056
0.1689088345
0.1697025001
0.1713654995
0.171641171
0.1730980128
0.173165217
0.1736785173
0.1745579839
0.177195102
0.1776810884
0.1789851338
0.1791622639
0.1801228821
0.1806073338
0.1811082065
0.1813402176
0.1837153882
0.1842763722
0.184285447
0.18462798
0.1846889555
0.1850286871
0.1853210032
0.1864522398
0.1869695634
0.1871717572
0.1884461045
0.1918201298
0.1919620335
0.1923643947
0.1951823682
0.1952204257
0.1972730309
0.1994189024
0.2016311735
0.2042696923
0.2058085501
0.2072687447
0.2084103525
0.2091094851
0.2129927874
0.2133027464
0.2136503607
0.2137105912
0.214005217
0.2157225311
0.2209834307
0.2214051038
0.2280785888
0.2312380672
0.2385787666
0.239708513
0.2423512638
0.2443322241
0.2447411269
0.2471018285
0.2477882206
0.250872463
0.2543531954
0.2577190101
0.2605954111
0.2644825876
0.2663789093
0.2679910958
0.2688134909
0.2690417171
0.2704637647
0.2810814679
0.2821988463
0.2875882983
0.2955133021
0.3022383749
0.3080419898
0.3126887381
0.3469222486
0.3572584689
0.4096553028
0.4624353349
