-1.459560037
-1.346570015
-1.327509999
-1.157789946
-1.095020056
-1.036520004
-0.9548389912
-0.9533619881
-0.946491003
-0.9364410043
-0.9149659872
-0.8796359897
-0.8773639798
-0.8683400154
-0.8622239828
-0.845795989
-0.8196989894
-0.8073089719
-0.7958509922
-0.7888100147
-0.787184
-0.7747719884
-0.7656229734
-0.7552300096
-0.7453719974
-0.7393680215
-0.738838017
-0.730874002
-0.721898973
-0.7215679884
-0.7089130282
-0.7059640288
-0.6987410188
-0.6933060288
-0.6895610094
-0.6887289882
-0.6684669852
-0.6561229825
-0.6528710127
-0.6494539976
-0.6404520273
-0.6380169988
-0.6331999898
-0.6325600147
-0.628377974
-0.6209350228
-0.6192520261
-0.6142219901
-0.608702004
-0.6021239758
-0.5961639881
-0.5910590291
-0.5838750005
-0.5741530061
-0.5710909963
-0.5705959797
-0.5703380108
-0.5700920224
-0.5697510242
-0.5671589971
-0.5663089752
-0.5639749765
-0.5625540018
-0.5625370145
-0.5547729731
-0.5501300097
-0.5472980142
-0.5413720012
-0.5355049968
-0.5338500142
-0.5309810042
-0.53075701
-0.5305669904
-0.5286009908
-0.5260530114
-0.524172008
-0.5240259767
-0.5234609842
-0.5232800245
-0.518073976
-0.514087975
-0.5100470185
-0.5059040189
-0.5042150021
-0.5041350126
-0.5004739761
-0.4986630082
-0.4985210001
-0.4939849973
-0.4934659898
-0.4931809902
-0.4860520065
-0.4853720069
-0.4788599908
-0.4723779857
-0.4674920142
-0.4670709968
-0.4658119977
-0.4650610089
-0.4621680081
-0.4592750072
-0.4589399993
-0.4583820105
-0.4579569995
-0.4512740076
-0.4504730105
-0.4488509893
-0.4465909898
-0.4447270036
-0.4419530034
-0.4415130019
-0.4384019971
-0.4383670092
-0.4375199974
-0.429798007
-0.4291599989
-0.4287129939
-0.4254280031
-0.4245190024
-0.4221749902
-0.4220120013
-0.4210999906
-0.4165560007
-0.4120930135
-0.4095729887
-0.4082030058
-0.4073779881
-0.4043630064
-0.3998520076
-0.3997510076
-0.3977690041
-0.3977450132
-0.3977400064
-0.394652009
-0.3935329914
-0.3866840005
-0.3862249851
-0.3854779899
-0.3851740062
-0.3837600052
-0.3813140094
-0.3805480003
-0.380264014
-0.3791869879
-0.3791480064
-0.3786639869
-0.3745340109
-0.3744759858
-0.3724710047
-0.3719309866
-0.3689369857
-0.3683089912
-0.3657400012
-0.3648389876
-0.3648050129
-0.3586480021
-0.3563430011
-0.3550690114
-0.3541910052
-0.3540779948
-0.3517960012
-0.3514269888
-0.3498330116
-0.3494290113
-0.3483830094
-0.346190989
-0.3424359858
-0.3424099982
-0.3420329988
-0.3416790068
-0.340079993
-0.3397099972
-0.3394140005
-0.338654995
-0.3383570015
-0.338034004
-0.3373520076
-0.3370999992
-0.3370119929
-0.336006999
-0.3357770145
-0.3352099955
-0.3327890038
-0.3317739964
-0.3314189911
-0.3303210139
-0.3297460079
-0.3294200003
-0.3292540014
-0.3283259869
-0.3282870054
-0.3282060027
-0.3279730082
-0.3276189864
-0.3274750113
-0.3224680126
-0.3217599988
-0.3215410113
-0.3207679987
-0.3200579882
-0.3168199956
-0.3139959872
-0.3124609888
-0.3115940094
-0.310999006
-0.3105689883
-0.3103060126
-0.3100819886
-0.3096219897
-0.3092350066
-0.3088470101
-0.308209002
-0.3069320023
-0.3061830103
-0.3050979972
-0.3031699955
-0.3025549948
-0.3018549979
-0.3005299866
-0.2976559997
-0.2964990139
-0.2958900034
-0.2950319946
-0.294836998
-0.2942079902
-0.2938050032
-0.293287009
-0.292979002
-0.2924889922
-0.2913300097
-0.290993005
-0.2895359993
-0.2887249887
-0.2878920138
-0.2876290083
-0.2862179875
-0.2858830094
-0.2857789993
-0.2854000032
-0.2849330008
-0.2843770087
-0.2828249931
-0.2826249897
-0.2824999988
-0.2823159993
-0.2802099884
-0.2801370025
-0.2795140147
-0.2783409953
-0.2758580148
-0.2754069865
-0.2733139992
-0.2726820111
-0.271517992
-0.2711769938
-0.269739002
-0.2692649961
-0.2674779892
-0.2674109936
-0.267125994
-0.2670490146
-0.2663789988
-0.2655749917
-0.26523
-0.2649349868
-0.2640320063
-0.2631990016
-0.2629779875
-0.2613739967
-0.2603499889
-0.2592230141
-0.259202987
-0.2586019933
-0.2584500015
-0.2579500079
-0.2578049898
-0.2573350072
-0.2570050061
-0.2539719939
-0.2525300086
-0.2518660128
-0.2507340014
-0.2471210063
-0.2465810031
-0.2464590073
-0.2461999953
-0.2444459945
-0.2436999977
-0.2433689982
-0.2429870069
-0.2412880063
-0.2405229956
-0.2393639982
-0.2391490042
-0.2389169931
-0.2388940006
-0.2385219932
-0.2347300053
-0.2344139963
-0.2340089977
-0.2338549942
-0.2332179993
-0.2329739928
-0.2323729992
-0.2323009968
-0.2311249971
-0.2297919989
-0.2292619944
-0.2291249931
-0.2287510037
-0.2285719961
-0.2284069955
-0.2282249928
-0.2280640006
-0.2278800011
-0.2246280015
-0.2243099958
-0.2230869979
-0.2220910043
-0.2219779938
-0.221788004
-0.221607998
-0.2208950073
-0.2206649929
-0.2204899937
-0.2201090008
-0.2200829983
-0.2195979953
-0.2193540037
-0.2172659934
-0.2170889974
-0.216753006
-0.2163739949
-0.2162349969
-0.2150059938
-0.2146569937
-0.2141250074
-0.2138240039
-0.2129909992
-0.2128809988
-0.2127570063
-0.2121389955
-0.2116789967
-0.209781006
-0.2075559944
-0.2072370052
-0.2064200044
-0.2049030066
-0.2046090066
-0.203587994
-0.2035550028
-0.2034499943
-0.2028219998
-0.2025510073
-0.2019219995
-0.2011300027
-0.2004979998
-0.1999299973
-0.1991599947
-0.1985629946
-0.1978619993
-0.1964520067
-0.1964340061
-0.1963319927
-0.1961030066
-0.1960179955
-0.1958270073
-0.1956280023
-0.1955489963
-0.1955240071
-0.1949689984
-0.194520995
-0.1937379986
-0.1935780048
-0.192862004
-0.1926929951
-0.1926569939
-0.1912509948
-0.1912339926
-0.1907140017
-0.1905889958
-0.1904979944
-0.1900269985
-0.1893869936
-0.1892540008
-0.1889750063
-0.1887419969
-0.1880470067
-0.1878429949
-0.1875550002
-0.1871010065
-0.1868059933
-0.1866219938
-0.1861200035
-0.1852030009
-0.1849330068
-0.1839019954
-0.1835940033
-0.1834580004
-0.1832150072
-0.1824830025
-0.1823199987
-0.1799499989
-0.179794997
-0.1797219962
-0.1794890016
-0.178865999
-0.1784379929
-0.1779029965
-0.1777099967
-0.1776220053
-0.1773850024
-0.1771859974
-0.1762280017
-0.1759169996
-0.1758210063
-0.1755020022
-0.1740700006
-0.1731059998
-0.1729550064
-0.1720400006
-0.1719339937
-0.1716829985
-0.1716420054
-0.1699890047
-0.1699189991
-0.1696819961
-0.1685750037
-0.168513
-0.1683489978
-0.1678600013
-0.1671680063
-0.1671299934
-0.1660549939
-0.165365994
-0.1653259993
-0.1651750058
-0.1649650037
-0.1648740023
-0.1643619984
-0.1643240005
-0.1613209993
-0.1610849947
-0.1610109955
-0.1604710072
-0.1595489979
-0.1594039947
-0.1591510028
-0.159126997
-0.158622995
-0.1584880054
-0.1581729949
-0.1573619992
-0.1570969969
-0.1552599967
-0.1551879942
-0.1548050046
-0.1546300054
-0.1541769952
-0.1541090012
-0.1535640061
-0.1522170007
-0.1517589986
-0.1514900029
-0.1508429945
-0.1508339942
-0.1507810056
-0.1501139998
-0.1497689933
-0.149673
-0.1495780051
-0.149240002
-0.1479150057
-0.1465709955
-0.1463769972
-0.1461469978
-0.145995006
-0.1455129981
-0.1451950073
-0.1445239931
-0.143900007
-0.1438090056
-0.1436849982
-0.143373996
-0.1426649988
-0.1426309943
-0.1420740038
-0.1399800032
-0.1395079941
-0.1392219961
-0.1390590072
-0.1390389949
-0.1387850046
-0.1381449997
-0.1380880028
-0.1380580068
-0.1379490048
-0.1371619999
-0.1371230036
-0.1365350038
-0.1362619996
-0.1359349936
-0.1359229982
-0.1350899935
-0.1346679926
-0.1343760043
-0.1341129988
-0.1339720041
-0.1322119981
-0.1320440024
-0.1318590045
-0.1317970008
-0.1314660013
-0.1311189979
-0.1310929954
-0.1309549958
-0.1308480054
-0.1306940019
-0.1300480068
-0.1298930049
-0.1298400015
-0.1295419931
-0.1295350045
-0.1291420013
-0.1289319992
-0.1279499978
-0.127651006
-0.1273470074
-0.1270940006
-0.1264799982
-0.1264719963
-0.1263799965
-0.1255429983
-0.1251039952
-0.1246469989
-0.1243000031
-0.1239520013
-0.123856999
-0.1238349974
-0.1226959974
-0.1226259992
-0.1225790009
-0.1211249977
-0.1205030009
-0.1195790023
-0.1190930009
-0.1189590022
-0.1186999977
-0.1184279993
-0.1182169989
-0.1176719964
-0.1175960004
-0.1171799973
-0.1163059995
-0.1160039976
-0.1157070026
-0.1155290008
-0.1153210029
-0.1150220037
-0.1149509996
-0.1148940027
-0.1143570021
-0.1141830012
-0.1137730032
-0.1130509973
-0.1126149967
-0.1123000011
-0.1121390015
-0.1120780036
-0.1118479967
-0.1114910021
-0.1113409996
-0.1109030023
-0.110650003
-0.1104099974
-0.1098909974
-0.109513998
-0.1094600037
-0.1090290025
-0.1086359993
-0.1082829982
-0.1081349999
-0.1077610031
-0.107731998
-0.1075240001
-0.1073459983
-0.1072269976
-0.1064139977
-0.1062330008
-0.1057709977
-0.1056400016
-0.1043799967
-0.1043329984
-0.1043180004
-0.1039630026
-0.1037919968
-0.1037029997
-0.103674002
-0.1036150008
-0.1035490036
-0.1035009995
-0.1031780019
-0.1029900014
-0.1025670022
-0.1022770032
-0.1022730023
-0.1018849984
-0.1016580015
-0.1015549973
-0.1011739969
-0.1009939983
-0.1004149988
-0.0999263972
-0.09992539883
-0.09973250329
-0.09968169779
-0.099297598
-0.0991699025
-0.09915730357
-0.0990588963
-0.09899830073
-0.09819640219
-0.09797909856
-0.09792280197
-0.09760099649
-0.09754940122
-0.09731060266
-0.09688380361
-0.09664569795
-0.0964820981
-0.09622079879
-0.09609690309
-0.0959224999
-0.09591659904
-0.09575449675
-0.09557720274
-0.09547570348
-0.09537349641
-0.0952790007
-0.09503810108
-0.09468050301
-0.09458009899
-0.09442079812
-0.09425769746
-0.09419430047
-0.09413810074
-0.09397129714
-0.09386879951
-0.09357540309
-0.09281340241
-0.0927940011
-0.09260509908
-0.09255749732
-0.09217979759
-0.09215819836
-0.09166619927
-0.09148330241
-0.09106630087
-0.0904859975
-0.09013620019
-0.09007199854
-0.0900638029
-0.08998370171
-0.08970949799
-0.08966930211
-0.08963049948
-0.08953849971
-0.0890005976
-0.08862780035
-0.08842360228
-0.08834149688
-0.08800510317
-0.08790549636
-0.08784859627
-0.08754520118
-0.08737660199
-0.08736719936
-0.08644639701
-0.08627820015
-0.08601170033
-0.08573190123
-0.08565880358
-0.08551509678
-0.08541730046
-0.08518449962
-0.08491010219
-0.0845497027
-0.08371599764
-0.08360649645
-0.08352900296
-0.0832913965
-0.08323109895
-0.08283690363
-0.08185219765
-0.08175910264
-0.08159399778
-0.08123239875
-0.08104579896
-0.08093789965
-0.08090700209
-0.0804649964
-0.08023220301
-0.07975369692
-0.0792580992
-0.07861579955
-0.07858909667
-0.07816330343
-0.07791350037
-0.07788190246
-0.07774169743
-0.07773890346
-0.07770779729
-0.07768949866
-0.07753250003
-0.07699800283
-0.07674550265
-0.07667150348
-0.07666890323
-0.07665109634
-0.07665109634
-0.0764767006
-0.07645969838
-0.0762116015
-0.07589200139
-0.07573720068
-0.07553090155
-0.07531759888
-0.07531719655
-0.07518229634
-0.07487209886
-0.07440370321
-0.07366280258
-0.07354930043
-0.07350090146
-0.073061198
-0.07305009663
-0.07301980257
-0.07299429923
-0.07299099863
-0.07295820117
-0.07286210358
-0.07281990349
-0.07280679792
-0.07259429991
-0.07253990322
-0.07243730128
-0.07221399993
-0.07213939726
-0.07196070254
-0.07155559957
-0.07151480019
-0.07122290134
-0.07120770216
-0.07109969854
-0.07103219628
-0.07070639729
-0.07035849988
-0.07017090172
-0.07004889846
-0.07004459947
-0.07002229989
-0.07001130283
-0.06927359849
-0.06917519867
-0.06909739971
-0.06903129816
-0.06895600259
-0.06874810159
-0.06847319752
-0.06838220358
-0.06830120087
-0.06822050363
-0.06807540357
-0.06801939756
-0.06792459637
-0.06781680137
-0.06765449792
-0.06761019677
-0.06745070219
-0.06721059978
-0.06711509824
-0.06708209962
-0.06696479768
-0.06677470356
-0.06648369879
-0.06636399776
-0.06622929871
-0.06620050222
-0.06607600302
-0.06597059965
-0.06576819718
-0.06568349898
-0.06561929733
-0.06552860141
-0.06544169784
-0.06539110094
-0.0652102977
-0.06519550085
-0.06512700021
-0.0649914965
-0.06471770257
-0.06426119804
-0.06404729933
-0.06401330233
-0.06398080289
-0.06385649741
-0.06379210204
-0.06349539757
-0.06336720288
-0.06318800151
-0.06314969808
-0.06309770048
-0.06309249997
-0.06307130307
-0.06296479702
-0.06274600327
-0.06245680153
-0.06238650158
-0.06235539913
-0.06222600117
-0.06181589887
-0.06176070124
-0.06154999882
-0.06150209904
-0.06118939817
-0.06105029956
-0.0609597005
-0.06094430014
-0.06092840061
-0.06069609895
-0.06053270027
-0.06052989885
-0.06048300117
-0.06041260064
-0.06035510078
-0.06005160138
-0.06005090103
-0.05968099833
-0.05966709927
-0.05963879824
-0.0596277006
-0.05955350026
-0.05948309973
-0.0593990013
-0.0593652986
-0.05874640122
-0.05852739885
-0.05829919875
-0.05816600099
-0.05766909942
-0.05760769919
-0.05742159858
-0.05728479847
-0.05727950111
-0.05681210011
-0.05674539879
-0.05617799982
-0.0559845008
-0.05597909912
-0.05550159886
-0.05513349921
-0.05486220121
-0.05470409989
-0.05459360033
-0.05450319871
-0.05445349962
-0.05433969945
-0.05413430184
-0.05393360183
-0.05388290063
-0.0538707003
-0.053824801
-0.05381830037
-0.05373739824
-0.05371230096
-0.05351119861
-0.05333349854
-0.0533295013
-0.05326779932
-0.05316619948
-0.05313989893
-0.05297140032
-0.05295339972
-0.05292740092
-0.05286480114
-0.0527057983
-0.05269329995
-0.05241870135
-0.05225810036
-0.05216880143
-0.05211890116
-0.05207160115
-0.05175499991
-0.05168110132
-0.05114480108
-0.05091229826
-0.05073580146
-0.05031520128
-0.05000609905
-0.04980609939
-0.04973249882
-0.04951240122
-0.04947289824
-0.04944309965
-0.04943000153
-0.04942980036
-0.04941099882
-0.04921060055
-0.0490489006
-0.04901630059
-0.0489542
-0.04885090142
-0.0486070998
-0.04846280068
-0.04830290005
-0.04828130081
-0.04823929816
-0.04821050167
-0.0480678007
-0.04774529859
-0.04772989824
-0.04761059955
-0.04746440053
-0.04720750079
-0.04684070125
-0.04680379853
-0.04665580019
-0.04631960019
-0.04624089971
-0.04623109847
-0.04606389999
-0.04578220099
-0.04553639889
-0.0455118008
-0.04535349831
-0.04532549903
-0.04531490058
-0.04514539987
-0.04511220008
-0.04495580122
-0.04484809935
-0.04482970014
-0.04481479898
-0.0446058996
-0.04427250102
-0.04423170164
-0.04402859882
-0.04384410009
-0.04372010008
-0.04364319891
-0.04358709976
-0.04329679906
-0.04305769876
-0.04301569983
-0.04300519824
-0.04291300103
-0.04286320135
-0.04251230136
-0.04230229929
-0.0421096012
-0.04194900021
-0.04189639911
-0.04184729978
-0.04175670072
-0.04152920097
-0.04152540118
-0.04113870114
-0.04082649946
-0.04038760066
-0.04012779891
-0.03943450004
-0.03941040114
-0.0393987
-0.03909030184
-0.03907909989
-0.03883149847
-0.03863279894
-0.03845389932
-0.03844479844
-0.03838879988
-0.03804539889
-0.0379065983
-0.03763660043
-0.03756399825
-0.03746910021
-0.03723020107
-0.03716849908
-0.03708359972
-0.03688609973
-0.03686309978
-0.0365884006
-0.03644980118
-0.03641179949
-0.03636189923
-0.03631870076
-0.03629380092
-0.03611660004
-0.03609269857
-0.03604879975
-0.0356592983
-0.03563160077
-0.03547589853
-0.03531640023
-0.03491659835
-0.03489249945
-0.03466229886
-0.03464179859
-0.0346303992
-0.03450899944
-0.03450189903
-0.03448459879
-0.03425180167
-0.03424179927
-0.03410229832
-0.03386769816
-0.0334991999
-0.03332909942
-0.03303509951
-0.03302289918
-0.0327918008
-0.03255210072
-0.03245760128
-0.03232700005
-0.03232549876
-0.03182519972
-0.03165990114
-0.03152810037
-0.03141320124
-0.03140420094
-0.03129709885
-0.03125179932
-0.03061820008
-0.03036399931
-0.02986380085
-0.02984019928
-0.02941869944
-0.02937130071
-0.02925560065
-0.02897639945
-0.02895190008
-0.02878979966
-0.02874780074
-0.02874309942
-0.02861320041
-0.02860620059
-0.02830070071
-0.02824830078
-0.02809510008
-0.02799700014
-0.02785320021
-0.02783999965
-0.02782169916
-0.02781580016
-0.02769039944
-0.02767989971
-0.02760739997
-0.02759660035
-0.02746980079
-0.02731109969
-0.02723699994
-0.02697850019
-0.02665320039
-0.02659709938
-0.02654979937
-0.02653799951
-0.02649660036
-0.02642429993
-0.02637499943
-0.02635670081
-0.02628660016
-0.02606399916
-0.02559890039
-0.02558949962
-0.02556299977
-0.0255315993
-0.02516140044
-0.02512150072
-0.02511800081
-0.02507640049
-0.02504380047
-0.02491270006
-0.02480909973
-0.02468530089
-0.02448369935
-0.02445369959
-0.02441659942
-0.02435339987
-0.02403689921
-0.02400909923
-0.02393900044
-0.02370589972
-0.02362889983
-0.02348640002
-0.02310689911
-0.02292249911
-0.0228346996
-0.02270709909
-0.02260549925
-0.02217629924
-0.02207040042
-0.02203379944
-0.02179550007
-0.02174679935
-0.02167019993
-0.02137210034
-0.02132019959
-0.02086170018
-0.02075189911
-0.02067390084
-0.02055289969
-0.0203188993
-0.02030519955
-0.01992389932
-0.01990259998
-0.01947239973
-0.01946269907
-0.01945409924
-0.01936870068
-0.01930450089
-0.01911210082
-0.01897799969
-0.01877610013
-0.01866859943
-0.0186633002
-0.01865329966
-0.01857900061
-0.01843569987
-0.01822789945
-0.01818189956
-0.01806939952
-0.01805049926
-0.01800419949
-0.01793570071
-0.01786259934
-0.01748000085
-0.01734069921
-0.01728460006
-0.0172416009
-0.01705230027
-0.0164893996
-0.01636249945
-0.01636010036
-0.01620439999
-0.01613629982
-0.01606320031
-0.0160489995
-0.01573299989
-0.01566809975
-0.0156031996
-0.01493510045
-0.01460149977
-0.01459340006
-0.01452740002
-0.01449829992
-0.01442219969
-0.01439299993
-0.01397289988
-0.0139450999
-0.01380980015
-0.01372789964
-0.01370349992
-0.01361840032
-0.01349959988
-0.01343140006
-0.01330449991
-0.01304049976
-0.01270209998
-0.01231569983
-0.01219350006
-0.01217599958
-0.01200679969
-0.01192229986
-0.01191280037
-0.01177390013
-0.01159640029
-0.01150210015
-0.01148100011
-0.01143889967
-0.01142320037
-0.01132190041
-0.01120110042
-0.01099229977
-0.0109834997
-0.01093580015
-0.01087030023
-0.01071820036
-0.01066869963
-0.01058090013
-0.01016880013
-0.0101146996
-0.01010060031
-0.009878880344
-0.009830700234
-0.009768900461
-0.00966040045
-0.009568329901
-0.009558109567
-0.009236150421
-0.009178720415
-0.008989180438
-0.008964920416
-0.008918619715
-0.008197969757
-0.00806896016
-0.008047720417
-0.00799669046
-0.007793489844
-0.007639309857
-0.007555690128
-0.007268620189
-0.006993140094
-0.006823520176
-0.00671913987
-0.006706169806
-0.006576830056
-0.006524140015
-0.006340669934
-0.006339340005
-0.006231300067
-0.006049579941
-0.006037159823
-0.005805559922
-0.005781009793
-0.005707679782
-0.005705269985
-0.005600459874
-0.005487440154
-0.005395419896
-0.005319859833
-0.005314410198
-0.005086939782
-0.00502394978
-0.004965700209
-0.004602300003
-0.004266059957
-0.004133190028
-0.00375141995
-0.003548149951
-0.003442199901
-0.003436439903
-0.003040120006
-0.002882840112
-0.002847929951
-0.002810430015
-0.002644879976
-0.002442870056
-0.002257280052
-0.001998580061
-0.001827599946
-0.001777500031
-0.001618750044
-0.001538219978
-0.001349459984
-0.001307680039
-0.001151580014
-0.001009630039
-0.0009720809758
-0.00093839498
-0.0007901749923
-0.0007797229919
-0.0005741550121
-0.0005532110226
-0.0003970889957
-0.0003177539911
-0.0002340520005
-0.0001952860039
-0.0001950489968
-5.925630103e-05
0.0002092729992
0.0003439249995
0.0003646000114
0.0008795760223
0.001157060033
0.001341109979
0.001467359951
0.001493660035
0.001563649974
0.001572679961
0.00180343003
0.001847030013
0.002319809981
0.002338899998
0.002416519914
0.002870910103
0.002929189941
0.00295704999
0.003039530013
0.003054189961
0.003259589896
0.003396880114
0.003573969938
0.003615360009
0.003620410105
0.003837330034
0.004089269787
0.004240269773
0.004414080177
0.004511619918
0.00463231001
0.00466804998
0.004717949778
0.005106850062
0.005141059868
0.005305679981
0.005353469867
0.005469419993
0.005491289776
0.005646150094
0.005974870175
0.006012910046
0.00601497991
0.006055700127
0.00632756995
0.006491510198
0.006513889879
0.006800469942
0.007035810035
0.007057089824
0.007409819867
0.007739920169
0.008175720461
0.00848023966
0.008480720222
0.008886289783
0.009255659766
0.009524210356
0.009620320052
0.009682009928
0.009782469831
0.009966890328
0.01041170023
0.01042110007
0.01044330001
0.01052050013
0.01054869965
0.01065680012
0.01083119959
0.01089499984
0.01090779994
0.01091840025
0.01098589972
0.01113840006
0.01119400002
0.01133679971
0.0115187997
0.01174889971
0.01179969963
0.01188740041
0.01193759963
0.01205210015
0.01234909985
0.01239079982
0.0123966001
0.01240940019
0.01252640039
0.0127063999
0.01278600004
0.01280289982
0.01286430005
0.01293050032
0.01308200043
0.01317599975
0.01320639998
0.01338049956
0.01340319961
0.01347310003
0.01380100008
0.01381570008
0.01396139991
0.01421950012
0.01430029981
0.01438829955
0.01446880028
0.01459490042
0.01481440011
0.01525789965
0.01530379988
0.01530949958
0.01539880037
0.01548989955
0.01573090069
0.01599459909
0.01616990007
0.01624730043
0.0162953008
0.01647859998
0.01649720035
0.01669320092
0.01670520008
0.01686609909
0.01688859984
0.01703649946
0.01714180037
0.01735229976
0.01756059937
0.01768730022
0.01769899949
0.01771170087
0.01796519943
0.01799730025
0.01815650053
0.0181626007
0.01820510067
0.01820929907
0.01828840002
0.01856260002
0.01870689914
0.01874580048
0.01890520006
0.01897189952
0.01911020093
0.01956360042
0.01992220059
0.02018460073
0.02037389949
0.02043800056
0.02060860023
0.02071039937
0.02094949968
0.02115480043
0.0213053003
0.0213291999
0.02135409974
0.02163939923
0.02181030065
0.02185600065
0.02192620002
0.02195639908
0.02204409987
0.02218909934
0.02252840064
0.02290000021
0.02293029986
0.02326829918
0.02327959985
0.02331409976
0.02333530039
0.02347140014
0.02374989912
0.02376510017
0.02385599911
0.02397529967
0.02426440082
0.0245647002
0.02492810041
0.02537650056
0.02566369995
0.02595509961
0.02609170042
0.02632739954
0.0264487993
0.02686019987
0.02691680007
0.02699399926
0.02706610039
0.02711799927
0.02722219937
0.02735739946
0.02749250084
0.02750880085
0.02798420005
0.02799689956
0.0284196008
0.02852639928
0.02873509936
0.02876199968
0.02891019918
0.02908409946
0.0291708
0.02917639911
0.02925349958
0.02931139991
0.02938620001
0.02947679907
0.02949300036
0.02955839969
0.02972489968
0.02990270033
0.03008100018
0.03016860038
0.03022100031
0.03027069941
0.03027419932
0.03037519939
0.03044060059
0.03066530079
0.03068860061
0.03073970042
0.03094599955
0.03097949922
0.03110869974
0.03120760061
0.03127209842
0.03142489865
0.03156900033
0.03176020086
0.03186839819
0.03188420087
0.03218080103
0.0321833007
0.03222389892
0.03270139918
0.03274289891
0.03315389901
0.03324770182
0.03335570171
0.03340280056
0.03403799981
0.03409779817
0.03426349908
0.03443849832
0.03454690054
0.03469260037
0.03469379991
0.03482789919
0.0352970995
0.03536710143
0.03551650047
0.0359577015
0.03615070134
0.03635820001
0.0364500992
0.03656629845
0.03673980013
0.03682529926
0.036866799
0.03737189993
0.03743559867
0.03752059862
0.03753849864
0.03765479848
0.03769269958
0.03782739863
0.03800719976
0.0384089984
0.03844739869
0.0384536013
0.03852640092
0.03884920105
0.03890080005
0.03890439868
0.03900619969
0.03901199996
0.03905430064
0.03929390013
0.03931669891
0.03934970126
0.0394592993
0.03948970139
0.03955639899
0.03958800063
0.0397198014
0.03973139822
0.04002299905
0.04008059949
0.04072370008
0.04076930135
0.04098660126
0.04100659862
0.0410958007
0.04116730019
0.04146829993
0.04167040065
0.04181680083
0.04215469956
0.04219299927
0.04224789888
0.0426440984
0.04280069843
0.04306690022
0.04315600172
0.0435221009
0.04389530048
0.04419180006
0.04427399859
0.04435990006
0.04438719898
0.04478900135
0.04487320036
0.04489349946
0.04545009881
0.04579779878
0.04596370086
0.04608510062
0.04646709934
0.04651540145
0.04690989852
0.04716780037
0.04717040062
0.0475308001
0.04755190015
0.04786210135
0.0478670001
0.04805250093
0.04825739935
0.04840119928
0.04853219911
0.04861510172
0.04870489985
0.04890820011
0.04896289855
0.04898289964
0.04906110093
0.0491053015
0.0491403006
0.04929549992
0.04930999875
0.04960459843
0.05006679893
0.05010979995
0.05013139918
0.05023099855
0.05025200173
0.05052259937
0.05067259818
0.0507629998
0.05076399818
0.05087490007
0.05090240017
0.0509510003
0.0509548001
0.05097150058
0.05099830031
0.05100790039
0.05131530017
0.05134040117
0.05155250058
0.05156230181
0.05178140104
0.0523288995
0.05245659873
0.05248830095
0.05251010135
0.05271700025
0.05288890004
0.05297259986
0.0533303991
0.05375700071
0.05376759917
0.05387860164
0.05405959859
0.05414120108
0.05422709882
0.05428620055
0.05428960174
0.05465180054
0.05473019928
0.05484740064
0.05523790047
0.05526269972
0.05539580062
0.05559999868
0.05566789955
0.0557577014
0.05579249933
0.05594160035
0.05616080016
0.05642579868
0.0566903986
0.05687259883
0.05699839815
0.05702650174
0.05725739896
0.05731109902
0.05736690015
0.05737410113
0.05749350041
0.05764310062
0.0576782003
0.05826940015
0.05896599963
0.05908070132
0.05911979824
0.05935459957
0.05945570022
0.05948499963
0.05956979841
0.05958389863
0.05967339873
0.05968119949
0.06000170112
0.06000870094
0.06005800143
0.06021320075
0.06054899842
0.0608156994
0.06086900085
0.06131539866
0.06182210147
0.06192959845
0.06195250154
0.06226029992
0.06228480116
0.06230530143
0.06262789667
0.06317850202
0.06348890066
0.063513197
0.06379710138
0.06382939965
0.0641656965
0.06428969651
0.06432600319
0.06455849856
0.06489670277
0.06527540088
0.065368101
0.0654406026
0.06562189758
0.06594719738
0.06632149965
0.06648489833
0.06650809944
0.06657549739
0.06659519672
0.06662449986
0.06668809801
0.06695000082
0.06702929735
0.06703840196
0.06713169813
0.06739339978
0.06762810051
0.06816039979
0.06821060181
0.06854230165
0.06858830154
0.06862069666
0.06880500168
0.06903290004
0.06906999648
0.06910400093
0.06922540069
0.06923869997
0.06985519826
0.07031270117
0.07050959766
0.07079949975
0.07088989764
0.07094399631
0.07143580168
0.07146870345
0.07205989957
0.07209070027
0.07215289772
0.07218659669
0.07235349715
0.07272449881
0.07335720211
0.07430569828
0.07436739653
0.07443589717
0.07451529801
0.07469800115
0.0747653991
0.0753929019
0.07540070266
0.07547330111
0.07595430315
0.07601460069
0.07634609938
0.07670880109
0.07676420361
0.07684359699
0.07686860114
0.07694000006
0.07712029666
0.07743279636
0.07806850225
0.07830219716
0.07849589735
0.07860860229
0.07880099863
0.07919070125
0.079192698
0.07939209789
0.07947319746
0.07960920036
0.07980880141
0.07992369682
0.08011130244
0.08018019795
0.08061510324
0.08064500242
0.08065120131
0.0807961002
0.08167669922
0.08175589889
0.08226860315
0.08231469989
0.0828981027
0.08351159841
0.08396360278
0.08456619829
0.08514810354
0.08516299725
0.08518689871
0.08569820225
0.0857893005
0.08645570278
0.08667209744
0.08675140142
0.08751130104
0.0881145969
0.08862379938
0.08885060251
0.08891549706
0.08903100342
0.08924850076
0.08925169706
0.08930529654
0.08955120295
0.08965960145
0.08966639638
0.09038130194
0.09048630297
0.09056650102
0.09071750194
0.09091159701
0.09096329659
0.09207899868
0.092346102
0.09235689789
0.092385903
0.09272219986
0.09275130183
0.09275460243
0.09287600219
0.09297069907
0.09372869879
0.09376200289
0.09427490085
0.09435659647
0.0945141986
0.09454510361
0.09458240122
0.09479100257
0.09570319951
0.09579519928
0.09582930058
0.0958589986
0.09665340185
0.09685000032
0.09685719758
0.09686399996
0.09782700241
0.0980060026
0.0982875973
0.09847570211
0.09848179668
0.09856809676
0.09894540161
0.09937520325
0.09943109751
0.09953189641
0.09976959974
0.09983730316
0.09989610314
0.09998790175
0.1003900021
0.1006600037
0.1006779969
0.1006899998
0.1010740027
0.1015579998
0.1017329991
0.1021220013
0.1024210006
0.1027849987
0.1029149964
0.1034239978
0.1043369994
0.1045140028
0.1046639979
0.1049140021
0.105065003
0.1050949991
0.1053040028
0.1053910032
0.105527997
0.1055440009
0.1059089974
0.1060680002
0.1060819998
0.106261
0.106945999
0.1071859971
0.1072200015
0.1072380021
0.1077620015
0.1078739986
0.1078779995
0.1083189994
0.1086950004
0.1090309992
0.1091360003
0.1094459966
0.1094499975
0.109589003
0.1096410006
0.1096689999
0.1098269969
0.109879002
0.1110569984
0.1116809994
0.1116819978
0.1119880006
0.1123239994
0.1124010012
0.1124010012
0.1124939993
0.112951003
0.1135149971
0.1137010008
0.1138999984
0.1144009978
0.114661999
0.1147959977
0.1148030013
0.1148750037
0.1150370017
0.1155010015
0.1158899963
0.1162829995
0.1163740009
0.1165620014
0.1167059988
0.1172090024
0.1175289974
0.1181830019
0.1185050011
0.1187940016
0.118933998
0.1192490011
0.119427003
0.120385997
0.1207820028
0.1211939976
0.121776998
0.1220420003
0.1224699989
0.1225510016
0.1226899996
0.1231120005
0.1238010004
0.124476999
0.1247500032
0.126842007
0.1270499974
0.127342999
0.1274130046
0.1286219954
0.1287059933
0.1294579953
0.1297129989
0.1298419982
0.1300420016
0.130272001
0.130448997
0.1306400001
0.1315539926
0.1322219968
0.132753998
0.132881999
0.1339309961
0.1344970018
0.134510994
0.1345389932
0.1346970052
0.1349249929
0.1355150044
0.1360179931
0.1361200064
0.1368059963
0.1373250037
0.1373890042
0.1373949945
0.1381749958
0.1390859932
0.1391800046
0.1395229995
0.1398809999
0.1398929954
0.1400289983
0.1400980055
0.1401530057
0.1402280033
0.1402589977
0.1412920058
0.1414989978
0.141602993
0.1416179985
0.1421860009
0.1423259974
0.1423490047
0.1425849944
0.1426170021
0.1426970065
0.1428720057
0.1429280043
0.143020004
0.1430750042
0.1432700008
0.144430995
0.1445759982
0.1450800002
0.1455930024
0.1456460059
0.1459240019
0.1459340006
0.1460099965
0.1462489963
0.1463080049
0.1464670002
0.1464760005
0.1469759941
0.1471849978
0.1475439966
0.147578001
0.1480779946
0.148387
0.1486119926
0.1505219936
0.1515610069
0.1520899981
0.1535789967
0.1536059976
0.1537220031
0.1553709954
0.1555889994
0.1559599936
0.1561979949
0.1562059969
0.1569170058
0.1573459953
0.1574330032
0.1576009989
0.1578299999
0.1581400037
0.1582420021
0.1584569961
0.1585900038
0.1588370055
0.1590169966
0.1606680006
0.1615319997
0.1616889983
0.1628600061
0.1629800051
0.1632959992
0.1634279937
0.1638379991
0.1640699953
0.1640709937
0.1642770022
0.1644670069
0.1651819944
0.1654189974
0.1654359996
0.1681959927
0.1686079949
0.1688749939
0.1688760072
0.1691399962
0.1695829928
0.1708510071
0.1714709997
0.1716140062
0.172446996
0.1726199985
0.1727059931
0.173051998
0.1737020016
0.1742620021
0.1745730042
0.1749179959
0.1750389934
0.1754419953
0.1756480038
0.1757699996
0.1758890003
0.1762849987
0.1772380024
0.1785719991
0.1788980067
0.1790059954
0.1792799979
0.1795320064
0.1795819998
0.1800879985
0.1802690029
0.1804219931
0.1809879988
0.1820250005
0.1837420017
0.1844550073
0.1854079962
0.1866170019
0.1871030033
0.1875420064
0.1881999969
0.1898780018
0.1908140033
0.1913139969
0.1916079968
0.1924359947
0.1931769997
0.1943610013
0.1944669932
0.1945730001
0.1947309971
0.1966750026
0.1970060021
0.1973379999
0.1973589957
0.1979890019
0.1980440021
0.1981990039
0.1983660012
0.198548004
0.1988260001
0.1998579949
0.1999250054
0.2005909979
0.2012079954
0.2012729943
0.2015590072
0.2015759945
0.2023999989
0.2024829984
0.2033800036
0.2043440044
0.2051810026
0.2054799944
0.2064509988
0.2067970037
0.2088370025
0.2092829943
0.2094600052
0.210059002
0.2102899998
0.2107820064
0.2111400068
0.2111990005
0.2113469988
0.2119809985
0.2130499929
0.213387996
0.2147430032
0.2151959985
0.2153889984
0.2155580074
0.2162709981
0.2169760019
0.2170110047
0.2173690051
0.2173999995
0.2174700052
0.2177540064
0.2178159952
0.2181050032
0.2188770026
0.2189210057
0.2200029939
0.2201949954
0.2202329934
0.2213499993
0.2224130034
0.2235510051
0.224022001
0.2250950038
0.2252209932
0.2253369987
0.2259709984
0.2277660072
0.2282889932
0.2288080007
0.2288179994
0.2296929955
0.2301020026
0.2302339971
0.2307170033
0.2309270054
0.2315679938
0.2319239974
0.2342049927
0.2353059947
0.2356200069
0.2357680053
0.2378260046
0.2380329967
0.2382829934
0.238300994
0.2383069992
0.2385440022
0.2392690033
0.2409750074
0.2415519953
0.241937995
0.2419739962
0.2422810048
0.2434889972
0.2435580045
0.2437449992
0.2438150048
0.2444369942
0.2460930049
0.2473129928
0.2475170046
0.2480169982
0.2485499978
0.2490890026
0.2503089905
0.2507390082
0.2519440055
0.2519820035
0.2521669865
0.2528870106
0.2531400025
0.2535189986
0.2541970015
0.2552109957
0.2554300129
0.2558859885
0.2562949955
0.2564179897
0.2573739886
0.2574619949
0.2591930032
0.2598919868
0.2606700063
0.2616649866
0.262699008
0.2628810108
0.2639079988
0.2661829889
0.2666600049
0.2677179873
0.2694070041
0.2700830102
0.2704130113
0.2716130018
0.2721219957
0.2726419866
0.2727800012
0.2734879851
0.2739199996
0.2744100094
0.2751309872
0.2752400041
0.2766909897
0.2796289921
0.2820439935
0.2830370069
0.2851090133
0.2851679921
0.2856450081
0.2857060134
0.2861639857
0.2873069942
0.2890819907
0.2905740142
0.2907699943
0.2913610041
0.2914359868
0.2934930027
0.2935639918
0.2937830091
0.298514992
0.3003000021
0.3007540107
0.3008719981
0.301793009
0.3021279871
0.3034839928
0.303640008
0.3052180111
0.307505995
0.3075729907
0.3077380061
0.3092429936
0.310728997
0.3114329875
0.3117690086
0.3118520081
0.3120610118
0.3129099905
0.3139410019
0.3156079948
0.3181740046
0.3188070059
0.3199650049
0.3200030029
0.3218919933
0.32348001
0.3247889876
0.3254620135
0.3261469901
0.3272539973
0.3277449906
0.3287090063
0.3291209936
0.3296410143
0.3299469948
0.3317640126
0.331833005
0.3328169882
0.3350239992
0.3351930082
0.3353379965
0.3365429938
0.3391979933
0.3395060003
0.3422659934
0.3441680074
0.3461630046
0.3521640003
0.3525629938
0.3553000093
0.3571529984
0.3579440117
0.3583500087
0.3597429991
0.3612729907
0.3617779911
0.3620060086
0.3633869886
0.3638510108
0.36995399
0.3708199859
0.3714849949
0.3796760142
0.3808889985
0.3814519942
0.3850730062
0.3855060041
0.3855229914
0.3863629997
0.3865729868
0.3869720101
0.3895770013
0.3906010091
0.3941789865
0.3966549933
0.3969739974
0.39863801
0.400943011
0.4014919996
0.4046539962
0.4092789888
0.4123539925
0.4126879871
0.4134489894
0.4169000089
0.4188379943
0.4200159907
0.4323039949
0.4326530099
0.4334230125
0.4351930022
0.436868012
0.4454649985
0.4463639855
0.4479680061
0.448074013
0.4512209892
0.4521760046
0.4537250102
0.455460012
0.4620690048
0.4626699984
0.4688079953
0.4729180038
0.4734640121
0.4762949944
0.4894889891
0.4919179976
0.4944149852
0.4964739978
0.4994049966
0.5010730028
0.5026680231
0.5032809973
0.5117340088
0.5128480196
0.5229830146
0.5337709785
0.5347080231
0.5352839828
0.5521739721
0.5643669963
0.5664970279
0.5729839802
0.5760970116
0.5855739713
0.5890079737
0.5892649889
0.6364309788
0.6375079751
0.6677460074
