-0.117873
-0.117873
-0.117873
-0.117873
-0.117873
-0.117873
-0.117873
-0.117873
-0.117873
-0.117873
-0.117873
-0.117873
-0.117873
-0.117873
-0.117873
-0.117873
-0.117873
-0.117873
-0.117873
-0.117873
-0.117873
-0.117873
-0.117873
-0.117873
-0.117873
-0.117873
-0.117873
-0.117873
-0.117873
-0.117873
-0.117873
-0.117873
-0.117873
-0.117873
-0.117873
-0.117873
-0.117873
-0.117873
-0.117873
-0.117873
-0.117873
-0.117873
-0.117873
-0.117873
-0.117873
-0.117873
-0.117873
-0.117873
-0.117873
-0.117873
-0.117873
-0.117873
-0.117873
-0.117873
-0.117873
-0.117873
-0.117873
-0.117873
-0.117873
-0.117873
-0.117873
-0.117873
-0.117873
-0.117873
-0.117873
-0.117873
-0.117873
-0.117873
-0.117873
-0.117873
-0.117873
-0.117873
-0.117873
-0.117873
-0.117873
-0.117873
-0.117873
-0.117873
-0.117873
-0.117873
-0.117873
-0.117873
-0.117873
-0.117873
-0.117873
-0.117873
-0.117873
-0.117873
-0.117873
-0.039291
-0.039291
-0.039291
-0.039291
-0.039291
-0.039291
-0.039291
-0.039291
-0.039291
-0.039291
-0.039291
-0.039291
-0.039291
-0.039291
-0.039291
-0.039291
-0.039291
-0.039291
-0.039291
-0.039291
-0.039291
-0.039291
-0.039291
-0.039291
-0.039291
-0.039291
-0.039291
0.0392911
0.0392911
0.0392911
0.0392911
0.0392911
0.0392911
0.0392911
0.0392911
0.0392911
0.0392911
0.0392911
0.0392911
0.0392911
0.0392911
0.0392911
0.0392911
0.0392911
0.0392911
0.117873
0.117873
0.117873
0.117873
0.117873
0.117873
0.117873
0.117873
0.117873
0.117873
0.117873
0.117873
0.117873
0.117873
0.117873
0.117873
