-0.9852573872
-0.6859362125
-0.5224990249
-0.5170425177
-0.5010515451
-0.4888675809
-0.4544873834
-0.4257418215
-0.4239565134
-0.4048194289
-0.4007135332
-0.395462513
-0.3909374774
-0.3750475347
-0.3676978648
-0.3619360626
-0.3562467098
-0.3537513018
-0.3423562348
-0.3368555605
-0.3322865963
-0.3224751353
-0.3191775382
-0.3176040947
-0.3141778111
-0.3138026297
-0.3101386428
-0.3075501025
-0.3012713194
-0.296104759
-0.2958467603
-0.2952922285
-0.2944580913
-0.2943710685
-0.2939378023
-0.2930396199
-0.2912477255
-0.2911218405
-0.2905888259
-0.2898450792
-0.2883951962
-0.2861922979
-0.2767943144
-0.2750788927
-0.2679458559
-0.2678132057
-0.2671731114
-0.2632680237
-0.2631882727
-0.2589550614
-0.2577934563
-0.256721288
-0.2563712001
-0.2540471256
-0.2525797188
-0.2518572211
-0.2505002618
-0.248115927
-0.2476001084
-0.2452626228
-0.2428907603
-0.2427749187
-0.2393739223
-0.2389652729
-0.2381979227
-0.2374498099
-0.2344342768
-0.2289903015
-0.2283852547
-0.2278135568
-0.2260854244
-0.2247686386
-0.2237199694
-0.2210634202
-0.2172836363
-0.2169084102
-0.2144211233
-0.2132245898
-0.2115749717
-0.2113032192
-0.2108498067
-0.2106019706
-0.2105130553
-0.2094235867
-0.2085337043
-0.2072241455
-0.2069664747
-0.2069236785
-0.2067099512
-0.2065397948
-0.2051111013
-0.2037430555
-0.2019530386
-0.2018347979
-0.2012087405
-0.1985482126
-0.197868228
-0.1977046877
-0.1966916919
-0.1955674291
-0.1944830567
-0.1944167763
-0.1942661107
-0.1938720047
-0.1938111484
-0.1923137307
-0.1913654953
-0.1906837672
-0.1904617697
-0.1887134761
-0.1877140999
-0.187627703
-0.1874922514
-0.1859547496
-0.1856926084
-0.1852698922
-0.1839064658
-0.1838968247
-0.1834202707
-0.1828128546
-0.1821208894
-0.1813277751
-0.1805160493
-0.1767725945
-0.1764969826
-0.1764016449
-0.1752812862
-0.1746509075
-0.1738096029
-0.173768729
-0.1725456715
-0.1710810214
-0.1710061729
-0.1706725508
-0.1704522967
-0.1696001142
-0.1688295752
-0.1674446166
-0.1674405187
-0.1666095406
-0.1662623435
-0.164845854
-0.1643143743
-0.1615010947
-0.1614135057
-0.1613153815
-0.1559055299
-0.1555579901
-0.1540455818
-0.1534869224
-0.152976647
-0.1520998329
-0.1520311832
-0.1517074555
-0.1515670121
-0.1515562385
-0.1504025459
-0.1501158029
-0.1498891562
-0.1491245776
-0.1485863477
-0.1477536559
-0.146896705
-0.1462124586
-0.1460341811
-0.1459359974
-0.1459228098
-0.1458477676
-0.1457161903
-0.1456057131
-0.1455187649
-0.1449690163
-0.144558996
-0.144506067
-0.1440071464
-0.1439792514
-0.1435682178
-0.1425536871
-0.1421637237
-0.1419240236
-0.1416649967
-0.140916273
-0.1397811323
-0.1381510198
-0.1379717141
-0.1367093474
-0.1364250481
-0.1348035485
-0.1341315806
-0.1341073513
-0.1304821074
-0.130379498
-0.1302153468
-0.1299406141
-0.1296126992
-0.1289462745
-0.1276682615
-0.1275080293
-0.1273983419
-0.1265733391
-0.1256150603
-0.1254945248
-0.1250672787
-0.124579519
-0.1242159456
-0.1240237802
-0.1239991933
-0.1233799905
-0.1228326485
-0.1225728467
-0.122524485
-0.1223669648
-0.1209535301
-0.1209406853
-0.1208929047
-0.1204474792
-0.1198470369
-0.1191846579
-0.1184818521
-0.1172684506
-0.1171876192
-0.1168232337
-0.1165803894
-0.1165031344
-0.1164170206
-0.1163499951
-0.1157429963
-0.1152615696
-0.114652589
-0.1146381721
-0.1142054871
-0.1136144698
-0.1129059345
-0.1116214246
-0.1115303859
-0.1109710783
-0.1108628511
-0.1101106405
-0.1099289283
-0.1093292683
-0.1088707075
-0.1086304635
-0.1083282977
-0.1083209962
-0.1075204089
-0.1066688895
-0.1063424498
-0.1057950705
-0.104678899
-0.1045988873
-0.1040092558
-0.1038660109
-0.1035493314
-0.1035125032
-0.1034005359
-0.1033858582
-0.1029443592
-0.102909632
-0.1028888077
-0.1026610956
-0.1024283692
-0.10169404
-0.1012456343
-0.1007740796
-0.1003680155
-0.09984648973
-0.09950678796
-0.09853639454
-0.0983870998
-0.09805525094
-0.098039262
-0.09794788808
-0.0975509584
-0.09746303409
-0.09741063416
-0.09737854451
-0.09720432013
-0.09711719304
-0.09667634219
-0.09592277557
-0.09533884376
-0.09472093731
-0.09459446371
-0.09365801513
-0.09352990985
-0.09352236986
-0.09052059054
-0.08967507631
-0.08924248815
-0.08913657814
-0.0890064165
-0.08867961168
-0.08825871348
-0.08803367615
-0.08784260601
-0.08704948425
-0.08694513142
-0.08674303442
-0.08655259758
-0.08627023548
-0.08581459522
-0.08559507877
-0.08538778871
-0.08483757079
-0.08483492583
-0.08438113332
-0.08381105214
-0.08339709044
-0.08276991546
-0.08254058659
-0.08250965923
-0.08155815303
-0.08135973662
-0.08100730181
-0.08074079454
-0.07987274975
-0.0795988068
-0.07933711261
-0.0789571479
-0.07893359661
-0.0787422508
-0.07874145359
-0.07869828492
-0.07857369632
-0.07793135941
-0.07759097219
-0.07748798281
-0.07748747617
-0.07698761672
-0.07633217424
-0.07564793527
-0.07535792887
-0.07516591251
-0.0743451342
-0.07434143871
-0.07358153909
-0.07339886576
-0.07316868007
-0.0714981854
-0.07102316618
-0.07045841217
-0.07002811134
-0.0700135529
-0.06948835403
-0.06904479861
-0.06842750311
-0.06788784266
-0.06729309261
-0.06698518246
-0.06640918553
-0.06637262553
-0.06620582938
-0.06532027572
-0.06517805159
-0.06414093822
-0.06393903494
-0.06363606453
-0.06277638674
-0.06276334822
-0.06218090281
-0.061889451
-0.06172545254
-0.06161905825
-0.06137346849
-0.06080398336
-0.05996394902
-0.05980696529
-0.05965509638
-0.05856309086
-0.05806668848
-0.05804255232
-0.05803917348
-0.05765622854
-0.05740699917
-0.05728928372
-0.05687777698
-0.05555104092
-0.05553464964
-0.05485108122
-0.05408140644
-0.05387776345
-0.05385455117
-0.05368268117
-0.05323112011
-0.05318744481
-0.0531097129
-0.0530545637
-0.05250594392
-0.05243842304
-0.05236843228
-0.05180776119
-0.05132130161
-0.05110581592
-0.05089814588
-0.0508816205
-0.05014194176
-0.04989600927
-0.04972624779
-0.04960466549
-0.04936514422
-0.04925899953
-0.04905293882
-0.04892065376
-0.04891509935
-0.04855288938
-0.04826144874
-0.04790839553
-0.04762636125
-0.04751621932
-0.04695023596
-0.04672210664
-0.04579744115
-0.04564193636
-0.0454986617
-0.04541886225
-0.04540780932
-0.04472809657
-0.04412003234
-0.04407046735
-0.04368012398
-0.04336597398
-0.0426386483
-0.04246773571
-0.04079332948
-0.04043473676
-0.04038252681
-0.03962057084
-0.0393438004
-0.03802755475
-0.03733104467
-0.0373140201
-0.03710533679
-0.0367756933
-0.03673567623
-0.03669395298
-0.03650641069
-0.03626063466
-0.03577386588
-0.03573220968
-0.03506619483
-0.03474235162
-0.03460174426
-0.03417235985
-0.03375609592
-0.03350059316
-0.03271804377
-0.0326301232
-0.0315586701
-0.03119164519
-0.0301843863
-0.02963980287
-0.02960856259
-0.02934487909
-0.02922979556
-0.02895928919
-0.02852603793
-0.02846783027
-0.02846206725
-0.02842946723
-0.02838388644
-0.02829232439
-0.02821794897
-0.02816641331
-0.0281507168
-0.02792050876
-0.02740076743
-0.02707432397
-0.02704635449
-0.02669061348
-0.02627237514
-0.02620457299
-0.02608986944
-0.02608759701
-0.02607634664
-0.02599682473
-0.02594749443
-0.02592237853
-0.02581731416
-0.02548863925
-0.02519999072
-0.02482158691
-0.02479926869
-0.02477883175
-0.02442703582
-0.02259065397
-0.02229509875
-0.02131991088
-0.0212854296
-0.02124042995
-0.02065315656
-0.02065070346
-0.02056741342
-0.02048549056
-0.02007161081
-0.01910589077
-0.01909314469
-0.01870471053
-0.01857538708
-0.01845275238
-0.01839911193
-0.01759498008
-0.01595286466
-0.0155964382
-0.0152909616
-0.01527624391
-0.01513999142
-0.01416905131
-0.01404234208
-0.01397418045
-0.01378312986
-0.01335663535
-0.0132721765
-0.01290053688
-0.0127645582
-0.01244929433
-0.01233125571
-0.01195407473
-0.01179371495
-0.01173092704
-0.01161140483
-0.01154947281
-0.01127967425
-0.01063234266
-0.008747712709
-0.008719153702
-0.008590539917
-0.0084507633
-0.008272522129
-0.007926113904
-0.007029921748
-0.006323548499
-0.006316383369
-0.005441132002
-0.004723825492
-0.003394332482
-0.003021783894
-0.002993215807
-0.002735525602
-0.002423755359
-0.002330881311
-0.00145629188
-0.001408812706
-0.001154112746
-0.0007080800715
-0.0005544064916
-0.0005142924492
-0.0003095371358
0.0002111583453
0.0007407674566
0.0009645936079
0.001182837645
0.001358929323
0.001600189484
0.001959630987
0.00217995909
0.002184833633
0.002435974544
0.002595777391
0.002771130297
0.003189660842
0.00333119859
0.003383094445
0.004473663867
0.004687687848
0.004797567613
0.007645313162
0.007673283573
0.007768384647
0.007836839184
0.008071813732
0.008094912395
0.00815548189
0.009502287954
0.009571908042
0.009669672698
0.009690198116
0.01027998421
0.01180130057
0.01195841655
0.01246178616
0.01253137179
0.01254011039
0.01314822398
0.0140183894
0.01434127148
0.01450938731
0.01566321403
0.01585761458
0.01590349153
0.01621176302
0.01641198248
0.01647279225
0.01723456942
0.01811375841
0.01825310849
0.01850191876
0.01855001971
0.01871334761
0.01905956864
0.01970447227
0.01982631721
0.02040545084
0.02045122534
0.02118407749
0.02122182958
0.0213591177
0.02147816308
0.02167054079
0.02169974148
0.02180831879
0.02257541567
0.02321146429
0.02321558632
0.0238176845
0.02426943183
0.02463172749
0.02488652617
0.02574713528
0.02653598413
0.02671145089
0.02671498992
0.02718359046
0.02738281153
0.02743267827
0.02769867145
0.02824386768
0.02880412154
0.02912006713
0.02921657823
0.03015825339
0.03060180321
0.03126074001
0.03150045499
0.0332505852
0.03434271365
0.03456221893
0.03471633047
0.03471830487
0.03473434225
0.03577849269
0.03616018966
0.03617758304
0.03621021658
0.03636664525
0.03643630818
0.03687256202
0.0372851491
0.03835512698
0.03869972378
0.03901538998
0.0397185348
0.03984919935
0.03992088139
0.04086395726
0.04106042907
0.04209577665
0.04273733869
0.04311732203
0.04319277033
0.04389470816
0.04413877428
0.0449356772
0.04499284923
0.04513598233
0.04513923451
0.04521642998
0.04565828294
0.04572099447
0.04600120336
0.04679428786
0.0469206199
0.04710778221
0.04804663733
0.04815489426
0.04820952937
0.04910578951
0.04914283752
0.0495803766
0.05031753704
0.05061263219
0.05066005886
0.0508944504
0.05093208328
0.05121944845
0.05138511211
0.0518389158
0.051904127
0.05392139778
0.0540022701
0.05551937968
0.05566427857
0.05726179853
0.05749883875
0.05789676309
0.05792430043
0.05799086764
0.05821498483
0.05877436697
0.05882645026
0.06026862934
0.06051401049
0.06120512262
0.06153000146
0.06265926361
0.06283690035
0.06299886107
0.06330899149
0.06366676837
0.06371933222
0.063923195
0.06398008764
0.06513658166
0.06515790522
0.06531471759
0.06556850672
0.06617391855
0.0665614903
0.06662042439
0.06670695543
0.06732214987
0.06733736396
0.06775524467
0.06927860528
0.06959924102
0.07015513629
0.07052411139
0.07105674595
0.07185380161
0.07332526147
0.07438629866
0.07475014031
0.07534040511
0.07573713362
0.07593846321
0.07623955607
0.07727587968
0.07733924687
0.07758080214
0.07799296081
0.07888168842
0.07934447378
0.0797194019
0.08024714142
0.08082231879
0.08226514608
0.08306396008
0.08389591426
0.08603575081
0.08636967838
0.0867664516
0.08689325303
0.08716055751
0.08730103821
0.08823357522
0.08829909563
0.08883161843
0.09113302827
0.09170277417
0.09232394397
0.09327795357
0.09362532943
0.09385127574
0.094011195
0.09485014528
0.09614553303
0.09617876261
0.09668879211
0.09699386358
0.09961482882
0.1014675871
0.1016837507
0.1017083898
0.1022024825
0.1024606004
0.1029072031
0.1036770493
0.1038159281
0.1056738719
0.1067790464
0.1078020185
0.1080026552
0.1081182212
0.1083431914
0.108587563
0.1103498489
0.1107868105
0.1134837121
0.1137385219
0.1153040677
0.1163727716
0.1171949655
0.1172430888
0.1187099069
0.1197317168
0.1199532747
0.1205202565
0.120571807
0.1224267185
0.1232756972
0.1246317402
0.1255895942
0.1259603798
0.1269757003
0.1274993271
0.1299116611
0.1302723289
0.130602181
0.1311420351
0.1313891113
0.1319921166
0.1326745152
0.1371764243
0.1391239762
0.1408738047
0.1465625912
0.1523986906
0.1544096768
0.1547127366
0.1557701826
0.1644902974
0.1654434055
0.1727027297
0.175011903
0.1753614694
0.17693685
0.1783875227
0.1789110899
0.1802285165
0.1859263033
0.1947939098
0.1958040595
0.2001352012
0.2033855766
0.2037511468
0.2069214582
0.2185269743
0.2279678285
0.2313148826
0.2320320159
0.2452969253
