-0.8658093214
-0.8060153723
-0.7678256035
-0.7591946721
-0.7500818372
-0.7062456012
-0.6911457777
-0.6774798036
-0.6733531356
-0.6544315219
-0.6258932948
-0.6244649887
-0.615541935
-0.6119374633
-0.5938431025
-0.5902473927
-0.5767367482
-0.5656378269
-0.552873075
-0.5460544229
-0.5418429971
-0.5391159654
-0.5380769968
-0.5347704291
-0.5306348801
-0.5302755237
-0.5198295116
-0.5096792579
-0.4943552315
-0.4805811942
-0.4798324108
-0.4761798978
-0.4749266207
-0.4746865332
-0.4737868011
-0.4690264761
-0.4546210766
-0.4526364207
-0.452341944
-0.4484583139
-0.4463810921
-0.4422338605
-0.4391738772
-0.4384773672
-0.4343144
-0.431758821
-0.4307334423
-0.4305060804
-0.4284569621
-0.4250607491
-0.4233100712
-0.4117195308
-0.4115352333
-0.4093537927
-0.4085982442
-0.4002037942
-0.395550698
-0.3943252265
-0.3937279582
-0.3913479149
-0.3860653341
-0.3852061331
-0.3844150603
-0.3840429783
-0.3806325793
-0.3797759712
-0.3780719936
-0.3748688698
-0.3745698929
-0.3738592565
-0.3678508997
-0.3677252531
-0.3670559525
-0.3642420471
-0.3613368571
-0.3603710234
-0.3600867689
-0.3598494232
-0.3564699292
-0.3499473929
-0.347802341
-0.3467640877
-0.3422431052
-0.3413497508
-0.3401288688
-0.3400449157
-0.3380501568
-0.3377371728
-0.3373570442
-0.3371137679
-0.3361722827
-0.3356195092
-0.3350072503
-0.3337199092
-0.3318748176
-0.3302236795
-0.3255603611
-0.3248746991
-0.3243362308
-0.3238175511
-0.3232084513
-0.3222884834
-0.3213798106
-0.3210699558
-0.320109427
-0.319100678
-0.3186410367
-0.3170143664
-0.3142202795
-0.3139271438
-0.3122735023
-0.3120360672
-0.3119805157
-0.3085485995
-0.306673497
-0.3064002395
-0.3060709536
-0.3054171503
-0.3012745082
-0.2997968197
-0.2989245355
-0.2977045476
-0.2952932715
-0.2952219248
-0.2907856405
-0.2906383872
-0.2901226878
-0.2884081304
-0.2869400084
-0.2867193818
-0.2859443724
-0.2857073545
-0.2855474353
-0.2845110595
-0.2832199931
-0.2830222547
-0.2820728421
-0.2794539928
-0.2774991393
-0.2767392099
-0.274268657
-0.2733978033
-0.2703014016
-0.2701074481
-0.2699458003
-0.2694264352
-0.2689407766
-0.2660955489
-0.2652609944
-0.2648478448
-0.2644858956
-0.2638403773
-0.2635352314
-0.2634187043
-0.263058126
-0.2622997165
-0.2618186772
-0.2612511516
-0.2605557442
-0.2602823079
-0.2595555782
-0.2589213252
-0.2589067817
-0.2585785389
-0.2585466802
-0.257483691
-0.2564738691
-0.2564102411
-0.2563524544
-0.2556100786
-0.2552924752
-0.2552760243
-0.2543537319
-0.2539463341
-0.253893286
-0.253010124
-0.2511097789
-0.2496560812
-0.249452427
-0.2484955192
-0.2481029481
-0.2475814521
-0.2469154745
-0.2458307743
-0.2453240454
-0.2451017946
-0.2447402924
-0.2447020262
-0.2445257306
-0.2438540608
-0.2422279716
-0.241714552
-0.2415560335
-0.2396788001
-0.2386865169
-0.2375882417
-0.2352036983
-0.2348366529
-0.2347135097
-0.2342211008
-0.2338646799
-0.2337113172
-0.232882902
-0.2312756032
-0.2311781347
-0.2298241407
-0.227807045
-0.2256591022
-0.2255470902
-0.2244537622
-0.2241599411
-0.2237899452
-0.2230518013
-0.222494483
-0.2215231359
-0.2206498981
-0.2203196883
-0.2193459868
-0.2182111442
-0.217904076
-0.2175104022
-0.2174792588
-0.2161248326
-0.2154950351
-0.2146214098
-0.214476347
-0.2140175104
-0.2132276446
-0.21299541
-0.2125192583
-0.2125013173
-0.2114981413
-0.2094198912
-0.2090445161
-0.2088556141
-0.207885921
-0.2070685774
-0.2059626728
-0.205921948
-0.2042218298
-0.2033661604
-0.2031081319
-0.2022363394
-0.2013671845
-0.2011602372
-0.1993689239
-0.1989850402
-0.1973630041
-0.1969642639
-0.1960098594
-0.1958530992
-0.1957880855
-0.1944082826
-0.1941660494
-0.1939133555
-0.1937243044
-0.1932071149
-0.1930558085
-0.1930498481
-0.1924253553
-0.1924052835
-0.1923859268
-0.1914231032
-0.1899608225
-0.1884202957
-0.1880522817
-0.1876198798
-0.1872576177
-0.1864825785
-0.1864214987
-0.1861022711
-0.185839206
-0.1857426316
-0.1851786375
-0.1851498038
-0.1847400963
-0.1845443249
-0.1831798255
-0.1831023991
-0.1830189526
-0.1829060465
-0.1826180369
-0.1821545959
-0.1820892841
-0.1812952459
-0.1807339042
-0.1802517325
-0.1795768291
-0.1793474555
-0.1791450381
-0.177786544
-0.1775720567
-0.1775018573
-0.1767292619
-0.1759538203
-0.1757186651
-0.1754401028
-0.1746388227
-0.1745443344
-0.1738164276
-0.1720329821
-0.1715935767
-0.1703492254
-0.1701116711
-0.1691994518
-0.1674473882
-0.1671074629
-0.1665316075
-0.1661493629
-0.165603891
-0.1654684693
-0.1651331931
-0.1640914232
-0.1638567895
-0.1637019813
-0.1636864543
-0.1636505574
-0.1631887108
-0.1629533172
-0.1628265232
-0.1624884754
-0.1624769419
-0.1610643715
-0.1606873125
-0.1603499949
-0.1597642452
-0.1584531367
-0.158363983
-0.1580280215
-0.1577499211
-0.1576572955
-0.1576354951
-0.1575938463
-0.1574338377
-0.1568830013
-0.1565426737
-0.1563564539
-0.156038031
-0.1555804014
-0.1552697271
-0.1543905884
-0.1530156732
-0.152740553
-0.1519064605
-0.1516724527
-0.1511667222
-0.1511638761
-0.1510215849
-0.1506659538
-0.1505773365
-0.1497556567
-0.1486138403
-0.1482379287
-0.148084417
-0.147945568
-0.1478434801
-0.1477732658
-0.1475855112
-0.1474280506
-0.1473303735
-0.1472748816
-0.1472696364
-0.1472664326
-0.1469419599
-0.1462142915
-0.1457099468
-0.1456258148
-0.1455404162
-0.1454312205
-0.1449093372
-0.1449050903
-0.1446975917
-0.1446430832
-0.1445791274
-0.1443311423
-0.1442323476
-0.1439846158
-0.143978551
-0.1439225972
-0.1438386738
-0.143503055
-0.1431067884
-0.1429797858
-0.1426068246
-0.1424477249
-0.1423785686
-0.1422005594
-0.142189309
-0.14174743
-0.1416461468
-0.1416408569
-0.1414476037
-0.1407800466
-0.1406611651
-0.1400166899
-0.1399069279
-0.1394685805
-0.1391165853
-0.1388233006
-0.1384865195
-0.1383505464
-0.13809219
-0.1380759627
-0.1377152503
-0.1372360438
-0.1370194703
-0.1369379312
-0.1368843615
-0.1364156008
-0.1350308359
-0.1348677874
-0.1343559474
-0.1343523264
-0.1342245042
-0.1341747493
-0.1341374665
-0.1340487152
-0.1340170801
-0.1339619756
-0.1339238733
-0.1339077801
-0.1324452758
-0.1321546733
-0.1315314919
-0.1310894191
-0.1307010949
-0.1306945384
-0.1297403127
-0.1295754611
-0.1293411404
-0.1292961091
-0.1292902529
-0.1290758252
-0.1289762557
-0.1289758086
-0.1287126392
-0.1282517165
-0.1277940869
-0.126996845
-0.1265072972
-0.126228556
-0.1258397847
-0.1258185506
-0.1243220642
-0.1243080646
-0.1240881532
-0.1240610331
-0.1234605089
-0.1233884841
-0.1231613904
-0.1228373498
-0.1228257641
-0.1224941239
-0.1219374985
-0.1215421855
-0.1210647076
-0.1209945083
-0.1204790547
-0.1203952432
-0.1200254634
-0.1200237796
-0.1200226098
-0.1195009723
-0.1193690076
-0.1190630421
-0.119036682
-0.1186948866
-0.1181300879
-0.1179034337
-0.1178880408
-0.1178123355
-0.1177453995
-0.1175328717
-0.1173854768
-0.1172476783
-0.1171799824
-0.117032893
-0.1169356033
-0.1165987626
-0.1165273488
-0.1162540913
-0.1155087799
-0.1153089404
-0.1150578782
-0.1149725318
-0.1147029176
-0.1146524772
-0.1146372855
-0.1145191267
-0.1144532561
-0.1143836081
-0.1142001227
-0.1139454693
-0.1136677638
-0.1133237183
-0.113211818
-0.1131903082
-0.1128201783
-0.1125452369
-0.1124005616
-0.1119676009
-0.1117761955
-0.111653924
-0.1116453409
-0.1112842262
-0.1110027134
-0.1107887924
-0.1101096645
-0.1099995822
-0.1096502542
-0.1096429154
-0.1095131114
-0.1091457605
-0.1090334803
-0.1088676602
-0.1083576009
-0.1080040187
-0.1076849848
-0.1074894369
-0.1072934493
-0.1071129888
-0.1071117893
-0.1070621908
-0.1068297625
-0.1067829877
-0.1067273542
-0.10663829
-0.1061811894
-0.1061558351
-0.1050546542
-0.1050281674
-0.1048944369
-0.1047624797
-0.1047185063
-0.1044719219
-0.1040912271
-0.1039439961
-0.1038632169
-0.1036118641
-0.103391014
-0.1033024713
-0.1031903923
-0.1030190736
-0.102984339
-0.1027536765
-0.1026427224
-0.102532804
-0.1022681221
-0.1021923199
-0.102055423
-0.1017465368
-0.1016166955
-0.1015914083
-0.1005927473
-0.1004104391
-0.09997474402
-0.09979979694
-0.099755086
-0.09971532226
-0.09953126311
-0.09919955581
-0.099152565
-0.09896155447
-0.09894743562
-0.09891556203
-0.09860306233
-0.09820646048
-0.09809234738
-0.09782957286
-0.097525388
-0.09732505679
-0.09728762507
-0.09713602066
-0.09711227566
-0.09699422866
-0.09620831907
-0.09609742463
-0.09602040797
-0.09584922343
-0.09547676146
-0.09536858648
-0.09534088522
-0.09523069859
-0.09516021609
-0.09476637095
-0.09471427649
-0.09458073229
-0.09452573955
-0.09444708377
-0.09366583824
-0.09354385734
-0.09314188361
-0.09305980802
-0.09301676601
-0.09245792031
-0.09222783148
-0.09222412854
-0.09207740426
-0.09170614183
-0.0913734138
-0.09128863364
-0.09114935994
-0.09077638388
-0.09069914371
-0.0906573236
-0.09054566175
-0.09010381997
-0.08992896229
-0.08989427239
-0.08945795894
-0.08933530748
-0.08930379897
-0.08920428902
-0.08914856613
-0.08911567181
-0.08911326528
-0.0889326781
-0.08885806054
-0.08882897347
-0.0888209641
-0.08872227371
-0.08870909363
-0.08866249025
-0.08853710443
-0.08809571713
-0.08800759912
-0.08798905462
-0.08795967698
-0.08777002245
-0.0876268968
-0.08749933541
-0.08741106093
-0.08728755265
-0.08703256398
-0.08697823435
-0.0869564414
-0.08676651865
-0.08654458076
-0.08650681376
-0.08613616973
-0.08605922759
-0.08598364145
-0.0859343037
-0.08560705185
-0.08553812653
-0.08544564992
-0.08506614715
-0.08491556346
-0.08468366414
-0.08416169137
-0.08400791883
-0.08391283453
-0.08380750567
-0.0831938535
-0.08295549452
-0.08290921152
-0.082834512
-0.08256302774
-0.08225151151
-0.08215907216
-0.08205664158
-0.08203660697
-0.08187927306
-0.08182416856
-0.08170852065
-0.0817052871
-0.08163000643
-0.08147691935
-0.08113985509
-0.08094420284
-0.0808890909
-0.08086745441
-0.08085998893
-0.08014734834
-0.07981041074
-0.07961452752
-0.07950024307
-0.07941464335
-0.07934255153
-0.07919231802
-0.07916679978
-0.07914564759
-0.07909675688
-0.07870594412
-0.0786576122
-0.07855121046
-0.07841778547
-0.07837120444
-0.07834843546
-0.07825748622
-0.07792850584
-0.07780767977
-0.07780152559
-0.0774576813
-0.07727947831
-0.07712436467
-0.07671605051
-0.07637453079
-0.07635154575
-0.07590289414
-0.07589325309
-0.07574354112
-0.07556610554
-0.07555942982
-0.07551842183
-0.07544337213
-0.07539227605
-0.07531401515
-0.07478587329
-0.07468057424
-0.07467801869
-0.07460498065
-0.07448965311
-0.0743925944
-0.0740519613
-0.07387854904
-0.07380472124
-0.07351861149
-0.07350291312
-0.07338950038
-0.07316215336
-0.07309486717
-0.0727968812
-0.07269684225
-0.07258047909
-0.07255765796
-0.07240130752
-0.07226060331
-0.07223212719
-0.07212162763
-0.07200128585
-0.07196849585
-0.07184758782
-0.07178591937
-0.07163209468
-0.07155839354
-0.07111297548
-0.07098498195
-0.07088845223
-0.07086019963
-0.07063525915
-0.07048738003
-0.07045209408
-0.07036015391
-0.07028356194
-0.07004455477
-0.06996823847
-0.06989046186
-0.06983924657
-0.06973741204
-0.06973181665
-0.06969659775
-0.06967657804
-0.06939798594
-0.06938398629
-0.06911738962
-0.06880328804
-0.06863186508
-0.068446666
-0.06834832579
-0.06827306747
-0.06814365089
-0.06809493899
-0.06808682531
-0.06787085533
-0.06786075979
-0.06782321632
-0.06767657399
-0.06727280468
-0.06714361161
-0.06713117659
-0.0671268031
-0.06673135608
-0.06643287838
-0.06631920487
-0.06622850895
-0.06619165838
-0.0661611706
-0.06615776569
-0.06592805684
-0.06567818671
-0.0655189231
-0.06546831876
-0.06520611793
-0.0650787428
-0.06505870819
-0.06489681453
-0.06485676765
-0.06436039507
-0.06428932399
-0.06416645646
-0.06368813664
-0.06350610405
-0.06335026771
-0.06309229881
-0.0624669753
-0.06232127175
-0.06228836998
-0.06226178631
-0.06193083152
-0.0619119443
-0.06184376776
-0.06180181354
-0.06165651605
-0.06117962301
-0.06107994542
-0.0610306859
-0.06077716127
-0.06042650715
-0.06030772626
-0.06024887785
-0.06018023565
-0.06017024443
-0.06005093828
-0.0598898381
-0.05972917378
-0.05966308713
-0.05958399549
-0.05950215831
-0.05927919969
-0.05926500633
-0.05921583995
-0.05863619223
-0.05853368714
-0.05846318975
-0.05793738365
-0.05788788944
-0.05777529627
-0.05763281882
-0.05717264488
-0.05712197348
-0.05710685253
-0.05704160035
-0.05693111569
-0.05692728236
-0.05658007413
-0.05642205477
-0.05639613047
-0.05632008985
-0.05630641058
-0.05623650178
-0.05620728433
-0.05620357022
-0.0557760112
-0.05564761534
-0.05560422316
-0.05538795516
-0.05528594926
-0.05494262651
-0.05489880592
-0.05487055704
-0.05463069305
-0.05459001288
-0.05455076322
-0.0544331558
-0.0543355085
-0.05430559441
-0.05429184064
-0.05406539515
-0.05389856547
-0.05344893783
-0.05323637649
-0.05323204026
-0.05319919065
-0.0531928353
-0.0531048812
-0.052896671
-0.05287026241
-0.05283210054
-0.05272174627
-0.05218267441
-0.05179953203
-0.05155436695
-0.05153088644
-0.05132599548
-0.05113323033
-0.05108820274
-0.05086727068
-0.05072452128
-0.05038215593
-0.05033882707
-0.05015005544
-0.05000032112
-0.04989509284
-0.04918948561
-0.0489320904
-0.04878859594
-0.04875310883
-0.04852848873
-0.0485191606
-0.04808124527
-0.04779682681
-0.04779538885
-0.04743283987
-0.04741733894
-0.04696470872
-0.04696288705
-0.04686797783
-0.04672392458
-0.04671822116
-0.04660773277
-0.04654256627
-0.04652094468
-0.04651188105
-0.04641653597
-0.04640506208
-0.04640320316
-0.04627691954
-0.04622278735
-0.04616237804
-0.0461374335
-0.045943968
-0.04580387473
-0.04558263719
-0.04529124498
-0.04524775967
-0.04519996792
-0.04506195337
-0.0449298434
-0.0448888503
-0.04467153177
-0.04442115501
-0.04426432028
-0.0440387167
-0.04402495548
-0.0438642092
-0.04376870021
-0.04337998852
-0.0432889685
-0.04286317527
-0.04268166423
-0.04257591069
-0.04256185144
-0.04232218862
-0.0420707725
-0.04117255285
-0.04111070931
-0.041060552
-0.04104955494
-0.04104427621
-0.04101995751
-0.04068543389
-0.04039629549
-0.04033206403
-0.04017260671
-0.04012373835
-0.04001956433
-0.03960788995
-0.03950924426
-0.03902562708
-0.0386474058
-0.03862489015
-0.03852659836
-0.0383621268
-0.03822078928
-0.03811764717
-0.03765094653
-0.03762523085
-0.03729885444
-0.03696290404
-0.03686449304
-0.03657734767
-0.03654960543
-0.03653951362
-0.03641796485
-0.03593102098
-0.03560294211
-0.03556771949
-0.03547314182
-0.03530422598
-0.0351687856
-0.03484082967
-0.03477502987
-0.03474505618
-0.03468075767
-0.03440544754
-0.03418895975
-0.03416350484
-0.03407551348
-0.03395628184
-0.03385296464
-0.03375053406
-0.03309161961
-0.03304909542
-0.03296635672
-0.03283969685
-0.03273103386
-0.03266207129
-0.03263825551
-0.03259981796
-0.0324608162
-0.03245635331
-0.03219955042
-0.031906344
-0.03160469607
-0.0314600803
-0.03144373
-0.03123668954
-0.03107902594
-0.03106081486
-0.03098674677
-0.03075050935
-0.03071967326
-0.03042161651
-0.03030788526
-0.03011173569
-0.02986544557
-0.02981104143
-0.02955449373
-0.02906962484
-0.02901689894
-0.02891703695
-0.02888159081
-0.02863304876
-0.02826251276
-0.0282595735
-0.02821684815
-0.02795635164
-0.02794531919
-0.02780637331
-0.02774090692
-0.02741240151
-0.0273445528
-0.02716951631
-0.02714018337
-0.02700668946
-0.02684188448
-0.02682237513
-0.02680849656
-0.02673690207
-0.02673616633
-0.02672823146
-0.02643397078
-0.02622501738
-0.02616995387
-0.0258885175
-0.02561458945
-0.02541897073
-0.02529500052
-0.02524413727
-0.02489626221
-0.02431236394
-0.02429142594
-0.02418944053
-0.02417669073
-0.02410135046
-0.02409017645
-0.02373041026
-0.02363754064
-0.02361163497
-0.02360205911
-0.02355593815
-0.02345960401
-0.02328877524
-0.02319507115
-0.02301702648
-0.02292197943
-0.0227929838
-0.02268113941
-0.02251572348
-0.02234404907
-0.0221736785
-0.02196775936
-0.02186908759
-0.0218447838
-0.02166806534
-0.02162499353
-0.02160724998
-0.02159774303
-0.0211579483
-0.02102057636
-0.02075655572
-0.02044924721
-0.02039396763
-0.02000019327
-0.01995466463
-0.01992399246
-0.01990916021
-0.01988056675
-0.01980426349
-0.01977154426
-0.01969694905
-0.01962831058
-0.01917015202
-0.01912789792
-0.01908326149
-0.01903076097
-0.01894498244
-0.01891243085
-0.01886057109
-0.01875573397
-0.01874245144
-0.01844551973
-0.01840471849
-0.01827052049
-0.01824483834
-0.01822864264
-0.01819607057
-0.01818157919
-0.01817056909
-0.01800244488
-0.01785116643
-0.01781761087
-0.0177650284
-0.01775055565
-0.01742169634
-0.01688418165
-0.0167347081
-0.01668377779
-0.01663016342
-0.01650675759
-0.01650333963
-0.01631043293
-0.01630600914
-0.01629174314
-0.01619525626
-0.01599344984
-0.0159547776
-0.01585910656
-0.0158190392
-0.01574940048
-0.01551864669
-0.01534919627
-0.01534738019
-0.01508364081
-0.01502176095
-0.01501759887
-0.01469852775
-0.01464141998
-0.01464097481
-0.01459020562
-0.01436736993
-0.01433617435
-0.01402279269
-0.01400067937
-0.01372367982
-0.01364895795
-0.01360260043
-0.01359184366
-0.01324679703
-0.01311189774
-0.01303996705
-0.01300400123
-0.01289898343
-0.01277259644
-0.01270880923
-0.01246345975
-0.01243397593
-0.01239540149
-0.01232805103
-0.01232114993
-0.01231745537
-0.01216324046
-0.01204559859
-0.01202741824
-0.01196544152
-0.01186334994
-0.01171771251
-0.01166286133
-0.0108378483
-0.01071956567
-0.01058094203
-0.01054053754
-0.01035167463
-0.01015090104
-0.01006931253
-0.01006917376
-0.009739511646
-0.009668136947
-0.009427803569
-0.009420989081
-0.009365539998
-0.009360240772
-0.009159054607
-0.009066210128
-0.008937980048
-0.008793423884
-0.008149352856
-0.00813511014
-0.007988121361
-0.007953055203
-0.007899567485
-0.007891883142
-0.007866363041
-0.007433315739
-0.007362285629
-0.007333747577
-0.00713936612
-0.007127560209
-0.007037151139
-0.006954550277
-0.006793753244
-0.00672890991
-0.006700224243
-0.006189750507
-0.006180431228
-0.00611452153
-0.005924925208
-0.00569434138
-0.005532203242
-0.005452429876
-0.005352173466
-0.00533273397
-0.00521562947
-0.005203258246
-0.004885873292
-0.004745142069
-0.004661484621
-0.00465275161
-0.004445708822
-0.004359175451
-0.004088395275
-0.004036770668
-0.003768652212
-0.003663063515
-0.003623412922
-0.003593238303
-0.003502542851
-0.003413446015
-0.003267522436
-0.003241009312
-0.003123112256
-0.003032293869
-0.003013134468
-0.002872843295
-0.002872250509
-0.002835667925
-0.002762631513
-0.002595507074
-0.002268865006
-0.00217009685
-0.001985288691
-0.001946857548
-0.001872827765
-0.001824493636
-0.001779908431
-0.001715623308
-0.001522103092
-0.001195677789
-0.001072105719
-0.001070148312
-0.0009610384586
-0.0009243690292
-0.000648064597
-0.000637399964
-0.0005871697213
-0.0005125622847
-0.0005018057418
-0.0003785728186
-0.000309636991
-0.0003021358571
-0.0001799375896
-0.0001785722416
-0.0001631747436
-9.001190483e-05
-7.284098683e-05
5.885977953e-05
0.0001303528989
0.000196458117
0.000202456562
0.0002473887871
0.0002661609615
0.0003556853335
0.0006704146508
0.0009579280741
0.000993025722
0.001100870897
0.001294534886
0.001523239422
0.001632015104
0.001960626105
0.002023239154
0.00239116489
0.002393982373
0.002401024336
0.002628439339
0.002963786246
0.003055735957
0.003096019151
0.00335325161
0.003632866545
0.003710526507
0.003780469997
0.003885771148
0.0039044593
0.003946468234
0.003970988095
0.003978733439
0.004449665546
0.004523281008
0.004690994509
0.004741483368
0.004802598618
0.00493599847
0.004959608428
0.004959736019
0.005297441036
0.00535347173
0.005447715055
0.005547047593
0.005585093051
0.005748699419
0.005814569071
0.005887251347
0.00601219153
0.006102568936
0.006152456161
0.006436265539
0.006467716303
0.00648612529
0.00671925908
0.006894798018
0.006919242442
0.006998880301
0.007030707318
0.007090579718
0.00742270099
0.007430975791
0.007523541339
0.007539582904
0.007804293185
0.00780784525
0.007861664519
0.008112751879
0.008155639283
0.008178500459
0.008211650886
0.008357235231
0.008418062702
0.008445300162
0.008498487994
0.008592545055
0.00862514507
0.008702591062
0.008807192557
0.00888124574
0.008882578462
0.009065241553
0.009120217524
0.009192606434
0.009255659766
0.009412675165
0.009594132192
0.00967561733
0.009705520235
0.009711979888
0.009898704477
0.009917805903
0.01005143952
0.01030425169
0.01034506038
0.01044199057
0.01071572024
0.01111391746
0.01115867775
0.01116268802
0.01120263711
0.01127269585
0.01154225226
0.01158611197
0.01184201706
0.01186781749
0.01195399649
0.01208681893
0.01239662431
0.01298387535
0.01343687717
0.01345073245
0.01364757307
0.0136701446
0.01394709758
0.01423395239
0.01441479474
0.01465997193
0.01517749857
0.01535512507
0.01539620198
0.01544673461
0.01551346667
0.01558022946
0.01564671472
0.01568504423
0.01569204964
0.01570896059
0.01586575247
0.01599493437
0.01636964642
0.01638966426
0.01669330336
0.01694451086
0.01696474105
0.0171637591
0.01718046889
0.01724016294
0.01733483747
0.01736005396
0.01750551164
0.01751879044
0.01753137447
0.0175797902
0.01763379201
0.01798651367
0.01813474484
0.01815538108
0.01852239855
0.01861990616
0.01866936125
0.01870650984
0.0188869182
0.01891748793
0.01933743246
0.01954028383
0.01960205473
0.01963774301
0.01965838857
0.01968607679
0.01975677162
0.01992532238
0.02017531171
0.02047421783
0.02058952861
0.02069196478
0.02074563876
0.02080458216
0.0210235808
0.02113476954
0.02135648578
0.02140853368
0.02152938582
0.02162955701
0.02199719287
0.0220738668
0.02211712115
0.0222439263
0.02271082997
0.02286696993
0.0230412744
0.02310184576
0.02336676046
0.02385150455
0.02398978174
0.02407305688
0.02431102097
0.02434629947
0.02437729016
0.02440564334
0.02452419698
0.02452895604
0.02464404702
0.02478506416
0.02493449301
0.02497294918
0.02503639273
0.02510415018
0.02514339238
0.02522745542
0.02548991702
0.02556508593
0.02582851425
0.02591046318
0.02592610568
0.0259481743
0.02610047348
0.02628239244
0.02630558982
0.02643537521
0.02651013993
0.02661968581
0.02674304508
0.02676732279
0.02679850161
0.02685742453
0.02687836438
0.02689892426
0.02705963701
0.02709526569
0.02724066749
0.02729892358
0.02730173804
0.02735538967
0.02739185654
0.0276913736
0.02773700841
0.02791855484
0.02805361338
0.02813955024
0.02822241932
0.02838992327
0.02846176364
0.02853078581
0.02875915356
0.02889472619
0.02901382558
0.02929132991
0.02937874198
0.029542448
0.02956973016
0.02957662009
0.02977959067
0.02985834144
0.03003693186
0.03021050617
0.03021699004
0.03028015606
0.03057244048
0.03067665361
0.03074303269
0.03083233908
0.03096373193
0.03096385859
0.0310970284
0.03112714924
0.03114650398
0.03140645102
0.03153396025
0.03155609965
0.03159524873
0.03205740452
0.0321855396
0.03247056901
0.03255341575
0.03258883953
0.03266182914
0.03272376582
0.03288644925
0.03296446428
0.033120092
0.03322805092
0.03325952962
0.03329670429
0.03330171108
0.03334612399
0.03348558396
0.03351423517
0.03398824111
0.03404389322
0.03430899233
0.03446562216
0.03468094021
0.03468180448
0.03487290442
0.03488506004
0.03517093882
0.0358379893
0.03591505438
0.03601045907
0.03607239947
0.03625402972
0.03643549979
0.03655155003
0.03669338301
0.036962796
0.03733005747
0.03737194464
0.03765182942
0.03765670583
0.03773893788
0.03780663013
0.03784989566
0.03799503669
0.03808355331
0.03855478391
0.0385870859
0.03861287236
0.03862101212
0.03862120584
0.03862679377
0.03889285401
0.03897591308
0.03905375674
0.03926154971
0.03928359598
0.03930154815
0.03987047076
0.03987583518
0.0399508886
0.04008511826
0.04026673734
0.04049198329
0.04050686955
0.0405158475
0.04059422016
0.04068136215
0.04075862467
0.04106524587
0.04128321633
0.04139409959
0.04149734974
0.04150321707
0.04154290631
0.04161813855
0.04178368673
0.04187967628
0.04205140844
0.04211031273
0.04218759388
0.0424935706
0.04250755161
0.04265525937
0.04269332811
0.04272956774
0.0429748036
0.04299907386
0.04319885001
0.04321586341
0.04322731867
0.04331460223
0.04345410317
0.04350017756
0.04356187582
0.04356576502
0.04368821532
0.04371960834
0.04385819659
0.04405904189
0.0443376638
0.04443758354
0.04454580694
0.04464768991
0.04468253255
0.04483347386
0.0450408347
0.04505938292
0.04513210058
0.04516934976
0.04517521337
0.04523978755
0.04542165995
0.04562558234
0.04574737325
0.04581930861
0.04587190971
0.04608163983
0.0461043492
0.04632146657
0.04640439525
0.04653988406
0.04655288905
0.04657491297
0.04658909887
0.04694596678
0.04702359065
0.04703468084
0.04704621434
0.0471323058
0.04724108055
0.04730700329
0.04730732739
0.04734906182
0.04752846435
0.04759773612
0.04771393165
0.04796756804
0.04804678261
0.04818550497
0.04821392149
0.04828932881
0.04832841456
0.0483318232
0.0484662205
0.04868163541
0.0490141958
0.0491384007
0.04926566407
0.04944277555
0.04955375195
0.04958003014
0.0498701632
0.05013264343
0.05020790175
0.05025425181
0.05050546676
0.05054231361
0.05061469972
0.0507507883
0.05087354034
0.05098151043
0.05098930001
0.05126204342
0.05175228417
0.05202412978
0.05216055736
0.05219203234
0.05225337297
0.05257059634
0.05287378281
0.05293048918
0.05294297263
0.05299304053
0.05301099271
0.05346144363
0.05376287922
0.05386635661
0.05401186645
0.05416532233
0.05423544347
0.0542466417
0.0542647168
0.05432545766
0.05440209433
0.05448342487
0.05448966846
0.05455031991
0.05493986234
0.05498351529
0.05500758439
0.05503549799
0.05509039387
0.05529136583
0.05533697084
0.05565999076
0.05576223508
0.05612741783
0.05625331402
0.05634737387
0.05642005801
0.05645775795
0.05657242611
0.05673568696
0.05701903626
0.05708845705
0.05709059909
0.05710249394
0.05754894763
0.05757490546
0.05761752278
0.05766183138
0.05784367025
0.05789764225
0.05790494382
0.05791348964
0.05810660124
0.0582668297
0.05837887153
0.05849629268
0.05881018564
0.05887778476
0.05915144831
0.05921927094
0.05934478343
0.05945478007
0.059459012
0.05956976861
0.05957720056
0.0600409992
0.06005835906
0.06008697674
0.06020954251
0.06029478088
0.06034878641
0.0605100207
0.06063855812
0.06073831767
0.06082263961
0.06094917282
0.06105618551
0.06143290922
0.06169496477
0.06189773604
0.0622032471
0.06232256815
0.0624727495
0.06265711039
0.06314024329
0.06333726645
0.06334031373
0.06348972023
0.06350655109
0.0636235401
0.06367391348
0.06377581507
0.06377851218
0.06395507604
0.06400691718
0.06407370418
0.06417115778
0.06423529238
0.06428768486
0.06436893344
0.06454890221
0.06455752999
0.06471974403
0.06472476572
0.06476350874
0.06482732296
0.0648843348
0.0649446547
0.0649574697
0.06503747404
0.06540194899
0.06543937325
0.06552949548
0.06580003351
0.06604246795
0.06613827497
0.06632629037
0.06633339077
0.06700281054
0.06705445051
0.06709657609
0.06730182469
0.06750746816
0.06759420037
0.06787768751
0.06796490401
0.06812112033
0.06822290272
0.06856325269
0.06877201796
0.06889601797
0.06903225929
0.06927181035
0.06931163371
0.06936579198
0.0698113665
0.06993202865
0.06993272156
0.07025967538
0.0703759864
0.07052600384
0.07054539025
0.07067016512
0.07105475664
0.07127032429
0.07127773017
0.07143362612
0.07157229632
0.07179925591
0.07205824554
0.07241091877
0.07256338745
0.07258494943
0.07278609276
0.07296185195
0.07302425057
0.07324095815
0.07349900156
0.07373546809
0.0737760365
0.07412024587
0.07428572327
0.07432377338
0.07433736324
0.07454046607
0.07454583794
0.07460915297
0.0748905912
0.07493957132
0.07495773584
0.0750336498
0.07554081082
0.07554885
0.07556676865
0.07581241429
0.07583288103
0.07622762769
0.07624609023
0.07691268623
0.0773524195
0.07735916972
0.0777387619
0.07804055512
0.078053765
0.07813709229
0.0784548372
0.07848655432
0.07882345468
0.07887755334
0.07890085876
0.07916424423
0.07917123288
0.0792882517
0.07940329611
0.07959134877
0.07977484167
0.07981882244
0.08004886657
0.08013062924
0.08016648144
0.08022814244
0.08029992133
0.08031003922
0.08131093532
0.08146226406
0.08156374842
0.08157578856
0.08181871474
0.08195846528
0.08197569102
0.08206177503
0.08211186528
0.08242255449
0.08325172961
0.08352650702
0.08362738043
0.08398927003
0.08399992436
0.08409600705
0.08420813829
0.08433321118
0.08460609615
0.08464748412
0.08550214022
0.08551792055
0.08554007858
0.08557017148
0.08572164923
0.08573601395
0.08575440943
0.08576136082
0.08585205674
0.08596876264
0.08607967198
0.0861658901
0.08663728088
0.08680853993
0.08686292917
0.08699266613
0.0873721838
0.0873773694
0.0874267891
0.08742684871
0.08797523379
0.08817175776
0.08821874857
0.08826799691
0.08894793689
0.08896426857
0.089324072
0.08947906643
0.08951869607
0.08960504085
0.08962192386
0.08992879093
0.09022150189
0.09077800065
0.09079295397
0.09098765254
0.09100958705
0.09168723971
0.09178327024
0.09229915589
0.0924212262
0.09251970798
0.09273926914
0.09276819229
0.09278240055
0.09290976822
0.09320272505
0.09334334731
0.0934496671
0.09354108572
0.09417771548
0.09428781271
0.09430656582
0.0943121016
0.0943678841
0.09453760087
0.09456522018
0.09460619837
0.09462849051
0.09493478388
0.09495068341
0.09499534965
0.09501105547
0.095062837
0.09525711089
0.09533186257
0.095422782
0.09542416036
0.09548777342
0.0954900533
0.09601651132
0.09607535601
0.09632275999
0.09656602889
0.09659260511
0.09665198624
0.09738790244
0.09762792289
0.09800478071
0.09809135646
0.09811652452
0.09868662059
0.09903559834
0.09905044734
0.09909044951
0.09911964089
0.09922969341
0.09928937256
0.09929035604
0.09968996793
0.09976622462
0.1002964452
0.1006118134
0.1008433849
0.1009702757
0.1011799723
0.1014465541
0.1016083732
0.1019159928
0.1021459401
0.102391839
0.1025855169
0.1027054787
0.1030648276
0.1033483297
0.103515923
0.1035805941
0.1035954878
0.103621535
0.103759028
0.1038084999
0.1040722877
0.1045668349
0.1046480238
0.1046489477
0.1046510562
0.1047257334
0.1048528031
0.1049758866
0.1050492823
0.1050743461
0.1051267907
0.1051956639
0.1053112075
0.1057095528
0.1058870852
0.1061922237
0.106376268
0.1064581126
0.1065448448
0.1065916419
0.1070420519
0.1074889153
0.1076139882
0.1077456847
0.1079658419
0.1084645838
0.108474195
0.1085895002
0.1091350242
0.1091712937
0.1091935188
0.1092247292
0.1092485934
0.1092994958
0.1093328297
0.110090591
0.110117577
0.1101858318
0.1104422137
0.1108211204
0.1113375723
0.111354284
0.1114594787
0.1114968956
0.1115145162
0.1115726978
0.1117099598
0.1118058935
0.1118649021
0.1120508909
0.1120632663
0.112178199
0.1123680398
0.1124306172
0.1125322133
0.1130166128
0.1131969839
0.1136053279
0.1138989478
0.1139368713
0.1140611768
0.1145910099
0.1146640107
0.1152528971
0.1154164672
0.1154940501
0.1154965535
0.1157688573
0.1157875806
0.1158335954
0.1165539473
0.1167232096
0.1167853102
0.1169390827
0.1170589104
0.1171229556
0.1174268425
0.1175729111
0.1177389175
0.1178470701
0.1178809032
0.1180055737
0.1183619574
0.1187099293
0.1187421456
0.1188464612
0.1189654544
0.1190690398
0.1190755516
0.1190895289
0.1192937419
0.1193682551
0.119949311
0.1199494377
0.120044589
0.1201995611
0.1204730198
0.1209947392
0.121254988
0.1220307276
0.1221506298
0.122243233
0.1226088479
0.1236385852
0.1241704077
0.1241862923
0.124262318
0.124666892
0.1246717721
0.1247905493
0.1254288554
0.12586689
0.12607871
0.12616916
0.1265418082
0.1265847385
0.1277491897
0.1282798648
0.1283370703
0.129401654
0.1294302493
0.1295870245
0.1296551824
0.129681766
0.1297891289
0.1298453957
0.1299679428
0.130151242
0.1305226833
0.1306558102
0.130679965
0.1311063766
0.1313244253
0.13195391
0.1320415288
0.1321197003
0.1324309856
0.1325587928
0.1328278482
0.1329182237
0.1331589967
0.1337448955
0.1341166496
0.1344424486
0.134635061
0.1346949339
0.1364800483
0.1365528554
0.1367619038
0.1372068971
0.1373497248
0.1374934167
0.1377676725
0.1381764263
0.1385653615
0.1386820078
0.1394253671
0.1394313425
0.1397278756
0.1398824304
0.1403083354
0.1404276043
0.1406834722
0.1408514231
0.1410059482
0.1410437077
0.1411748976
0.1414142996
0.1422581375
0.1423973292
0.1426604837
0.1430507898
0.1432037055
0.1442721039
0.1442896575
0.1444378197
0.1448501945
0.1449175328
0.1453429759
0.1457840204
0.1459159106
0.146116212
0.1463425756
0.1464407295
0.1473146677
0.1473995298
0.1483574212
0.1485485286
0.1486642659
0.1517435908
0.1522861719
0.152515471
0.1528857946
0.1529140323
0.1531490684
0.1532260627
0.1533928216
0.1536419839
0.1537564099
0.1543215215
0.1546940356
0.155526042
0.1557791084
0.1560826451
0.1565517187
0.1576100439
0.1584980339
0.158979997
0.1592472643
0.1592532098
0.1593374908
0.1594279706
0.1597601175
0.1599441916
0.1599663347
0.160569191
0.1608545333
0.1609909534
0.1614433974
0.1614664495
0.1615336984
0.1617876887
0.1618160605
0.1618241519
0.1619963646
0.1623399705
0.1626872718
0.1632191986
0.1632277817
0.1639776081
0.1641976535
0.1643246561
0.1650519073
0.1651747823
0.1656202376
0.1656948328
0.1660155207
0.1666850001
0.1668754369
0.1669362634
0.1673374921
0.1673784852
0.1680852473
0.1707723439
0.1712040454
0.1714426577
0.1714517623
0.1722408384
0.1723664701
0.1726892591
0.1730710566
0.1730842441
0.1731583178
0.1734212935
0.1734727919
0.1736031622
0.1741557866
0.1743782312
0.1754034013
0.1754037142
0.1756138951
0.1757934839
0.176772058
0.1769851893
0.1769967228
0.1777087003
0.1783269942
0.1797379106
0.1798847318
0.1804557294
0.1804584116
0.1820682734
0.1823465526
0.1826755852
0.1832728386
0.1837363243
0.1838763356
0.1847404987
0.1853767335
0.1856634021
0.1857014149
0.1868449301
0.1870072335
0.1873344928
0.1876102388
0.1880091131
0.188631922
0.1887812167
0.1888749301
0.1891485751
0.1892365515
0.1892666519
0.1893090606
0.1904934496
0.1905196458
0.1907571107
0.1916905046
0.1917591691
0.1919406056
0.1926657706
0.192825526
0.1953972578
0.1997073591
0.2000577599
0.2001728863
0.2031693459
0.2043089867
0.204928115
0.2059561908
0.2080657631
0.2081280798
0.2093413025
0.2094894797
0.2096956074
0.2125404477
0.2127452791
0.2155018449
0.2162988335
0.2166756541
0.2189652473
0.2190043628
0.2192212641
0.2193900049
0.219933778
0.2201094478
0.2204751968
0.221101597
0.2217848897
0.2220729738
0.2225797921
0.2227785736
0.2236198783
0.2237211913
0.2247382551
0.224765256
0.2257327884
0.2258780301
0.2271808535
0.2275460511
0.2280607074
0.2297759354
0.2305878699
0.2307423204
0.2308351845
0.231185928
0.2315080166
0.2320998907
0.2343444824
0.2346584648
0.2352213711
0.2356627584
0.2391964197
0.2399922609
0.2402416915
0.2406776547
0.2425925881
0.2431924641
0.2437324077
0.2441407144
0.2471401095
0.2474606782
0.2566806376
0.2587771118
0.2589478493
0.2664253116
0.2665854394
0.2702384591
0.2715712488
0.2728894353
0.2740793228
0.2764098048
0.2788211107
0.2809877098
0.281902194
0.282818675
0.2846421301
0.28824386
0.2902646661
0.3012747169
0.3070134521
0.3105633855
0.3122178316
0.330624938
0.3661591709
0.3699118495
0.3731917143
0.3811180294
