-2.104181051
-2.087880611
-2.022611141
-1.947719574
-1.847378254
-1.774451375
-1.746949792
-1.700432539
-1.60914278
-1.437751412
-1.400410891
-1.384213805
-1.347607255
-1.346768022
-1.342917323
-1.339778423
-1.324170947
-1.318012238
-1.287491322
-1.261770725
-1.217780352
-1.209136963
-1.180064797
-1.148456931
-1.129924297
-1.116204739
-1.11329186
-1.06806016
-1.037779093
-1.028279781
-1.024856448
-1.021478415
-1.017569423
-1.012006402
-0.9677836299
-0.9557542801
-0.9370654821
-0.9273329973
-0.9152496457
-0.914496243
-0.900473237
-0.8766945601
-0.8687853217
-0.8627402186
-0.861970365
-0.8391435146
-0.833711803
-0.8165722489
-0.809081912
-0.7992847562
-0.7939969897
-0.7879502773
-0.7807745337
-0.7767286897
-0.7677875161
-0.7457258701
-0.7437754273
-0.7271287441
-0.7185323834
-0.7148582935
-0.7086890936
-0.700445056
-0.6932100654
-0.6930477023
-0.6808652878
-0.6705778837
-0.6695198417
-0.6681050658
-0.6638522148
-0.6573733091
-0.6485359073
-0.648242116
-0.6465409994
-0.6429193616
-0.638091743
-0.6377139688
-0.6310763955
-0.6232814789
-0.6229680777
-0.6226261258
-0.6140874028
-0.6072808504
-0.6053488255
-0.6014911532
-0.5998620987
-0.5992456675
-0.5872807503
-0.5704059601
-0.5681461096
-0.5621008277
-0.5539798141
-0.5507464409
-0.5505634546
-0.5498582721
-0.5444316268
-0.5435111523
-0.5431612134
-0.5430564284
-0.5426132083
-0.5417838693
-0.5322109461
-0.5306712985
-0.5242729187
-0.5183293223
-0.5136781931
-0.5133985877
-0.5102595091
-0.5021906495
-0.5021817088
-0.5006232858
-0.4978793859
-0.4956663251
-0.4949013293
-0.4942090511
-0.4932963848
-0.4925685525
-0.4887858927
-0.4731005728
-0.4725186229
-0.4710581899
-0.4687614739
-0.4682397842
-0.466373384
-0.4608649313
-0.4595930278
-0.4572493732
-0.4533498883
-0.4513606727
-0.4511336088
-0.448055476
-0.4412099421
-0.4390929639
-0.4389031231
-0.4353903234
-0.4267843068
-0.4248551428
-0.4209496975
-0.4189031422
-0.4184761941
-0.4177083075
-0.4143759906
-0.4127397239
-0.4122723639
-0.4116307199
-0.4019083083
-0.3998874724
-0.3987040222
-0.3974021077
-0.3968132138
-0.3952558339
-0.3903743327
-0.3897266984
-0.3890067339
-0.3865028918
-0.3863102794
-0.3849031031
-0.3843353391
-0.3826910853
-0.3789606094
-0.377889514
-0.3776296973
-0.3775987327
-0.3732176423
-0.3712272644
-0.3651248515
-0.3624791801
-0.3621398509
-0.3592269421
-0.3585149944
-0.3575304449
-0.3518134952
-0.3512881994
-0.3509250581
-0.3500329256
-0.3499941528
-0.3495998085
-0.3467400372
-0.3433071375
-0.3412398398
-0.3405025899
-0.3328103423
-0.3289381266
-0.325974226
-0.3233832419
-0.3219142258
-0.3185078502
-0.3173985481
-0.3172616363
-0.3143110871
-0.3140622675
-0.3119109273
-0.3115806878
-0.3101374805
-0.3089795113
-0.3074973822
-0.30701074
-0.3057000041
-0.3052353263
-0.3023411334
-0.3023068011
-0.3003149629
-0.292920053
-0.291223079
-0.2873085439
-0.2871784568
-0.286865741
-0.2866106033
-0.2840836942
-0.2834327221
-0.282538712
-0.2809688747
-0.2805441022
-0.2768037021
-0.2766345441
-0.2739676237
-0.2723549306
-0.2716805041
-0.2713196874
-0.2665891647
-0.2641993165
-0.2637823224
-0.2604260147
-0.258902818
-0.2571809292
-0.253628701
-0.2532477081
-0.2526614666
-0.2524991035
-0.2513956428
-0.2510273755
-0.2504649162
-0.2492753416
-0.2480956763
-0.2479571551
-0.2468630373
-0.246682018
-0.2439580411
-0.2437231392
-0.2425472736
-0.2388303131
-0.2387169749
-0.2383172065
-0.2381616086
-0.2373212874
-0.2369561046
-0.2360615581
-0.2359820604
-0.2358169109
-0.2346569449
-0.2345941812
-0.2317971736
-0.2302087694
-0.229063049
-0.2278777957
-0.2262066901
-0.2250509709
-0.2236571163
-0.2230232656
-0.2196107656
-0.2189071923
-0.2177548558
-0.2167450339
-0.2165577859
-0.2146994323
-0.214164868
-0.2115173936
-0.2086759359
-0.2080038339
-0.2072203606
-0.2071053535
-0.2067753077
-0.2063301802
-0.2053643018
-0.2050890177
-0.2044989169
-0.2017284632
-0.2014874071
-0.2008841038
-0.2005758137
-0.2004163265
-0.2003057897
-0.1995686442
-0.1988785565
-0.1983331442
-0.1974611878
-0.1971087903
-0.1968284398
-0.1962129176
-0.1959522516
-0.1948444098
-0.1931882352
-0.1918599308
-0.1916178018
-0.19112432
-0.1901947558
-0.1891961694
-0.18804878
-0.1879476309
-0.1876110286
-0.1868491918
-0.1863974333
-0.1853528917
-0.1848873347
-0.1841032803
-0.1840617359
-0.18305251
-0.1808241755
-0.1806293875
-0.1796140075
-0.1795122027
-0.1792433113
-0.1789759099
-0.1787258685
-0.1778165102
-0.1776845157
-0.1770961583
-0.1769955605
-0.1754762381
-0.1738355756
-0.1730122566
-0.172308445
-0.1721424013
-0.1707213223
-0.1707154065
-0.1699896455
-0.1697139144
-0.1694712639
-0.1693439037
-0.1675609201
-0.166716069
-0.1666908115
-0.1655484438
-0.1639814824
-0.1634393185
-0.163164407
-0.1627135128
-0.1622259468
-0.1617641747
-0.161535278
-0.159975931
-0.1593375206
-0.1590849608
-0.1585858017
-0.1580870897
-0.157682851
-0.1575182676
-0.1560318619
-0.1557652056
-0.1554426998
-0.1554356813
-0.1541238874
-0.1540759206
-0.1535379589
-0.1534942538
-0.1534498185
-0.153180033
-0.1526267827
-0.152026847
-0.1516588479
-0.1516375691
-0.1512896866
-0.15105699
-0.14993985
-0.1497135907
-0.1493259668
-0.1492222846
-0.1489019841
-0.1487288326
-0.1486186534
-0.1483094543
-0.1482083648
-0.1479652375
-0.1478752494
-0.1478427202
-0.1477714479
-0.1469412297
-0.1468624324
-0.1459539384
-0.1453857571
-0.1451510489
-0.14512375
-0.1448518187
-0.1447850317
-0.1446446776
-0.1446134895
-0.1444301158
-0.144360587
-0.1432844698
-0.1430502981
-0.1413910687
-0.1405159235
-0.1404080987
-0.1403491795
-0.1400396824
-0.1399425268
-0.139580071
-0.1386057585
-0.1380558163
-0.1379092038
-0.1377030015
-0.1375431865
-0.1373096704
-0.137276262
-0.1365297288
-0.136228025
-0.1361514479
-0.1352712363
-0.1349527985
-0.1338757426
-0.1338684559
-0.1332954168
-0.1331631541
-0.1320847571
-0.1320049763
-0.1319633275
-0.1312675476
-0.1312224418
-0.1312074661
-0.1310506165
-0.1302605718
-0.1301140338
-0.1299724579
-0.1296379566
-0.129225105
-0.1290593892
-0.1286886185
-0.1275574416
-0.1274443865
-0.1271624565
-0.1267376095
-0.1264762282
-0.1261305511
-0.1260188222
-0.1259092689
-0.1257722527
-0.1255021095
-0.1252807528
-0.1251276881
-0.1243712381
-0.1241782606
-0.1238249838
-0.1237447932
-0.1231164634
-0.1230916157
-0.1225693375
-0.1224510893
-0.1218995154
-0.1216612309
-0.1214323491
-0.1205834001
-0.1204403639
-0.1201083437
-0.1200469136
-0.1200335473
-0.1198967397
-0.1192941368
-0.1190370321
-0.1186333299
-0.1184408292
-0.1182795912
-0.1182643771
-0.1175546572
-0.1175184399
-0.1172232702
-0.1171024591
-0.1170181185
-0.1159015074
-0.1156085357
-0.1148454621
-0.1144970953
-0.1141967401
-0.1138463467
-0.1137396246
-0.1134253517
-0.1132329032
-0.1131874844
-0.1120794117
-0.111683324
-0.1116123497
-0.1115703881
-0.1114381477
-0.1114224866
-0.1112887636
-0.1112474352
-0.1105488315
-0.1105184034
-0.1104520559
-0.110318467
-0.1100386679
-0.1100154817
-0.109962821
-0.1098097935
-0.1094683334
-0.1093426421
-0.1092858762
-0.1087286547
-0.1087161228
-0.1084547043
-0.1083139405
-0.1079452932
-0.1078830436
-0.1076365784
-0.107566461
-0.1075366288
-0.1068129539
-0.106715031
-0.1066448912
-0.1063646078
-0.1062263027
-0.1060976237
-0.1060792282
-0.1059026793
-0.105843842
-0.1057496443
-0.1045790985
-0.1041855961
-0.1039801836
-0.1038740128
-0.1038241982
-0.103336446
-0.1032656059
-0.1023345068
-0.1019701138
-0.1019277722
-0.1019052342
-0.1017166898
-0.1014258415
-0.1014157981
-0.1011580229
-0.1006197035
-0.1005116776
-0.1003882661
-0.1003865525
-0.09985865653
-0.09985082597
-0.09981904179
-0.09980531037
-0.09954974055
-0.09899903834
-0.09886201471
-0.09816256166
-0.09810461104
-0.09797374159
-0.09763275087
-0.09752851725
-0.09750760347
-0.09749893099
-0.09744537622
-0.09705013782
-0.09656976908
-0.09599345922
-0.0959065631
-0.09555948526
-0.09553258121
-0.09545894712
-0.09537731856
-0.09522443265
-0.09488002211
-0.09328345954
-0.0931153968
-0.0928632617
-0.09271057695
-0.09237570316
-0.09226316959
-0.09189616144
-0.09189541638
-0.09172931314
-0.09115949273
-0.09075132012
-0.09059152752
-0.09058538824
-0.09012451023
-0.08996861428
-0.08993374556
-0.08984225988
-0.08908857405
-0.08904851973
-0.08891948313
-0.08876347542
-0.08850833029
-0.08838873357
-0.08812974393
-0.08803638816
-0.08796961606
-0.08779209107
-0.087753281
-0.0876878202
-0.08764059097
-0.0873664394
-0.08721011877
-0.08713315427
-0.08673640341
-0.08673623949
-0.08606688678
-0.085893929
-0.08545594662
-0.0854440853
-0.08516869694
-0.08515617996
-0.08493836224
-0.08464738727
-0.08462950587
-0.08457160741
-0.08405152708
-0.08373019844
-0.08358360827
-0.08352295309
-0.08340987563
-0.08328891546
-0.08316348493
-0.08297775686
-0.08261425793
-0.0825137794
-0.08244048804
-0.0824143067
-0.08228042722
-0.08210755885
-0.0819196701
-0.0817746371
-0.08172699809
-0.08167617023
-0.0812452212
-0.08097295463
-0.08075648546
-0.08000656962
-0.07990522683
-0.07979684323
-0.07971507311
-0.07959542423
-0.07958700508
-0.07956770062
-0.07944922894
-0.07932723314
-0.0792799145
-0.07903019339
-0.07884690166
-0.07871306688
-0.07861373574
-0.07827654481
-0.07816246897
-0.07815659046
-0.07814382017
-0.07802653313
-0.07793097943
-0.0779234916
-0.07732593268
-0.07726895064
-0.07711449265
-0.07704540342
-0.07693620026
-0.07689812034
-0.07677352428
-0.07672856748
-0.07671824843
-0.07664275169
-0.07647713274
-0.07638175786
-0.07615090162
-0.07607506961
-0.07606463134
-0.07605396956
-0.0760416463
-0.07579811662
-0.07554668933
-0.07551660389
-0.0754307583
-0.07537765056
-0.0753082037
-0.07519896328
-0.07510035485
-0.07480673492
-0.0747255981
-0.07441742718
-0.07440146804
-0.07432480156
-0.07412344217
-0.07378737628
-0.07378208637
-0.07355549932
-0.07350091636
-0.07349349558
-0.07332217693
-0.07315684855
-0.07310292125
-0.07304956764
-0.07301840186
-0.07298372686
-0.07264765352
-0.07255062461
-0.0724805519
-0.0723214373
-0.07227576524
-0.07225533575
-0.0718396455
-0.07178555429
-0.0717677325
-0.07133248448
-0.07114127278
-0.07108630985
-0.07079568505
-0.0706987232
-0.07021252811
-0.07018130273
-0.0700288713
-0.06989104301
-0.06976436824
-0.06971047819
-0.06964413822
-0.06916292012
-0.06907457858
-0.06901434064
-0.06899587065
-0.06857193261
-0.06830443442
-0.06762607396
-0.06741818041
-0.06721387804
-0.06710347533
-0.06701178849
-0.06695654243
-0.0668072477
-0.06675104052
-0.0666923672
-0.06647485495
-0.06644956023
-0.06635505706
-0.06610379368
-0.06606528163
-0.06599733233
-0.06592778116
-0.06584083289
-0.06564999372
-0.06558883935
-0.06554763764
-0.06535576284
-0.06531104445
-0.06526727229
-0.06526533514
-0.06523856521
-0.06504893303
-0.06502713263
-0.06499665976
-0.06489504129
-0.06475060433
-0.06468576193
-0.06437972933
-0.06431874633
-0.06418730319
-0.06417366862
-0.06401176751
-0.06396713853
-0.0637621358
-0.06368061155
-0.06367060542
-0.06356053799
-0.06353908777
-0.06341133267
-0.06335131824
-0.06330535561
-0.06327757239
-0.06321436167
-0.06321088225
-0.06313802302
-0.06300211698
-0.06300059706
-0.06277677417
-0.06267252564
-0.06259285659
-0.06186682731
-0.06164810434
-0.0612350367
-0.06114093214
-0.06090277433
-0.06082129851
-0.06065581739
-0.06064402312
-0.06024605781
-0.06019889191
-0.06017326191
-0.05987048522
-0.05978779867
-0.05925260112
-0.0591981113
-0.05861577764
-0.05859681591
-0.05855282769
-0.05850982293
-0.05844971538
-0.05835919455
-0.05831175297
-0.05829974636
-0.05829038844
-0.05812492967
-0.05804838613
-0.05787187815
-0.05783017725
-0.05782271922
-0.05764634535
-0.05760275573
-0.05758868158
-0.05757045746
-0.0575658828
-0.05753688887
-0.05733329058
-0.05729748309
-0.05708845332
-0.0570811294
-0.05697332695
-0.05696063489
-0.05686714873
-0.0568469353
-0.05663728714
-0.05654269084
-0.05651491135
-0.05646919832
-0.05646419525
-0.05636474118
-0.05625528097
-0.05610467494
-0.05577981099
-0.05537544191
-0.05533009395
-0.05520866066
-0.0551844798
-0.05513036996
-0.05502706766
-0.05488917232
-0.05485872552
-0.05480633676
-0.0547426194
-0.05469661206
-0.05462733284
-0.05459488928
-0.05458635837
-0.0545255281
-0.05443302169
-0.05443176627
-0.05424520001
-0.05416343734
-0.0541581884
-0.05394997448
-0.05394847691
-0.05393376201
-0.05385179445
-0.05378339067
-0.05367927998
-0.05365790054
-0.05352011696
-0.05344137549
-0.05341337249
-0.05336756632
-0.05333033949
-0.0532993786
-0.0532021001
-0.05293352529
-0.0528829284
-0.05286252499
-0.05274523795
-0.05267443135
-0.05267107487
-0.05237925425
-0.05215357617
-0.05213935301
-0.05211182684
-0.05208110437
-0.05203334615
-0.05181480944
-0.05181447789
-0.05159804225
-0.05159306526
-0.05145944655
-0.05129065737
-0.05118692294
-0.0509631522
-0.05087319389
-0.05086034164
-0.05055534095
-0.05052731931
-0.05044009164
-0.05031861365
-0.05024309829
-0.05015303567
-0.05001720041
-0.05000234023
-0.04978300259
-0.04968576133
-0.04959958419
-0.04946913198
-0.04946789145
-0.04942015558
-0.04940148816
-0.04924785718
-0.04920852184
-0.04918681458
-0.04863806441
-0.04842495173
-0.04841556028
-0.04823537916
-0.04795840383
-0.04790618643
-0.04758436978
-0.04744714499
-0.04735557362
-0.04726532102
-0.04713969678
-0.04709193856
-0.04695321247
-0.04691355303
-0.04684224352
-0.0466683358
-0.04652033374
-0.04636067152
-0.04635572061
-0.04620603472
-0.04572363198
-0.04570836201
-0.04560354352
-0.04530376568
-0.04530156776
-0.0448641479
-0.0446867384
-0.04466016218
-0.0445930101
-0.04421695694
-0.04421636835
-0.04395256564
-0.04378598556
-0.04371440411
-0.04369646311
-0.04365145043
-0.04360286146
-0.04353802279
-0.04339259863
-0.04327178746
-0.04320489615
-0.04297223687
-0.04292168096
-0.04279020056
-0.04254280031
-0.04226980731
-0.04208528996
-0.04174707085
-0.04142282531
-0.04140544683
-0.04130169377
-0.04120635614
-0.04102210328
-0.04096386209
-0.04045825452
-0.0404192917
-0.04041358083
-0.04041270912
-0.04040093347
-0.04039131477
-0.04027243331
-0.04018183798
-0.04009607434
-0.04001465067
-0.03999749944
-0.03984223679
-0.03981827199
-0.03980048001
-0.03979562595
-0.03971632197
-0.03960949555
-0.03958903998
-0.03941567987
-0.03936391324
-0.03931329399
-0.03916142881
-0.03913880512
-0.03912264481
-0.03892777488
-0.03884178773
-0.03883316368
-0.03878669813
-0.03875370324
-0.03874796629
-0.03864978626
-0.03864292428
-0.03840678558
-0.03826911375
-0.03825376928
-0.03803674132
-0.0379630737
-0.03787204251
-0.03771233559
-0.03758606315
-0.03715819493
-0.03715171665
-0.03713831678
-0.03705288842
-0.03699715063
-0.03687233478
-0.03677786887
-0.03660624847
-0.03650934249
-0.03630052879
-0.03625389189
-0.03605566546
-0.03552480042
-0.0354689844
-0.03541902825
-0.0353535451
-0.03534764796
-0.03518923372
-0.03518749401
-0.03496506065
-0.03475076705
-0.03464269266
-0.03460713103
-0.03456824645
-0.03446811438
-0.03438717872
-0.03419722244
-0.03419652954
-0.03401815519
-0.0339630954
-0.03372517973
-0.03335365281
-0.03277470917
-0.03273667023
-0.03261400387
-0.03251022846
-0.03233858943
-0.0322317034
-0.0321062319
-0.03209645674
-0.03206623346
-0.03186699376
-0.03170112893
-0.03169157356
-0.03162996843
-0.03123573214
-0.03115070984
-0.03103368171
-0.03099841066
-0.03099151701
-0.03096774034
-0.03090067767
-0.03090032376
-0.03068842366
-0.03060031496
-0.03048847429
-0.03017508239
-0.03015527502
-0.0301442761
-0.03010514937
-0.02996570989
-0.02980404347
-0.02979155071
-0.02975117974
-0.02967200987
-0.02952978387
-0.02946882881
-0.02928910032
-0.02925686538
-0.0292152781
-0.02899301797
-0.02879382111
-0.02874893509
-0.02872265689
-0.02848250046
-0.0284376815
-0.02836359479
-0.02835762314
-0.02826143987
-0.02779623307
-0.02776403166
-0.0274537839
-0.02736010589
-0.02735757083
-0.02730095573
-0.02704470418
-0.02696217783
-0.0269572176
-0.02651202306
-0.02646619827
-0.02612874471
-0.02594964206
-0.02570962347
-0.02564851008
-0.02557801828
-0.02538388036
-0.02521837503
-0.02502415143
-0.02496141195
-0.02487167343
-0.02482113056
-0.02482026629
-0.02470211685
-0.02433726564
-0.0242177397
-0.02410748973
-0.02396286838
-0.02383684553
-0.0237428844
-0.02373709343
-0.02322650515
-0.02321077883
-0.02320736647
-0.02314108983
-0.02301590145
-0.02276713215
-0.02263097093
-0.02252281457
-0.02251062728
-0.02238015085
-0.02228380181
-0.02204787731
-0.02201771736
-0.02200456895
-0.0219527781
-0.02191906422
-0.02191413753
-0.02174038999
-0.02151370421
-0.02125866897
-0.02122766152
-0.02112671919
-0.02082055621
-0.02069965191
-0.0202655755
-0.02021899447
-0.02019377053
-0.02009440586
-0.02009397186
-0.02000375651
-0.01989912987
-0.01973283105
-0.01962636411
-0.01957558841
-0.01952697523
-0.01948744431
-0.0193873886
-0.01911638491
-0.01907349564
-0.01900309883
-0.01900005154
-0.01897676103
-0.01882640086
-0.01876688935
-0.01853339747
-0.01851372048
-0.01849286258
-0.01770499907
-0.01770231314
-0.0175827723
-0.01743627898
-0.01725971885
-0.0171286799
-0.01712442376
-0.01707969233
-0.01695630886
-0.01689664461
-0.01648270525
-0.01635042578
-0.01617116295
-0.0161317084
-0.0161229372
-0.01588468626
-0.01582069136
-0.01557184942
-0.01554877404
-0.01554506738
-0.01535462588
-0.01533563901
-0.01522602234
-0.01493808161
-0.01485297736
-0.01478169858
-0.01474228222
-0.01457878482
-0.01439784933
-0.01437985152
-0.01437168196
-0.01432505343
-0.0142978467
-0.01396103203
-0.01395728439
-0.01384219062
-0.01366504561
-0.01365953404
-0.01351265889
-0.01341738179
-0.01328230277
-0.01313164644
-0.01312005892
-0.01288710162
-0.01276105735
-0.01274803467
-0.0126634473
-0.01196667552
-0.01195095759
-0.01180447638
-0.01166900247
-0.0116401948
-0.0114157768
-0.0113186799
-0.01120025106
-0.01117621735
-0.01111392304
-0.0111035509
-0.01089673676
-0.0108499052
-0.01078616735
-0.01070981659
-0.01056300569
-0.01047179755
-0.01045417972
-0.01043414418
-0.01030951459
-0.01013166737
-0.01002704445
-0.009958476759
-0.009864125401
-0.009844806045
-0.009810011834
-0.009644024074
-0.009609976783
-0.009533025324
-0.009532941505
-0.009448797442
-0.009438357316
-0.009322413243
-0.009060793556
-0.009030279703
-0.008985663764
-0.008733727038
-0.008730416186
-0.008669962175
-0.008547258563
-0.00849945657
-0.008480325341
-0.008406661451
-0.008160775527
-0.008115683682
-0.008056512102
-0.008030863479
-0.007995830849
-0.007966236211
-0.007810465991
-0.007778254803
-0.007765687071
-0.00769800134
-0.007622380741
-0.007430044934
-0.007358248811
-0.007163690403
-0.007154345978
-0.006975185592
-0.006855364889
-0.006738141645
-0.006584314164
-0.00637358753
-0.006351158954
-0.006179599557
-0.006156169344
-0.006145349238
-0.006043415051
-0.005980833434
-0.00597263081
-0.005666922312
-0.005649417639
-0.005314697977
-0.005167897791
-0.004984138068
-0.004976540338
-0.004671015311
-0.004658129532
-0.004635657184
-0.004557870328
-0.004523862153
-0.004438542761
-0.004217465408
-0.003993428778
-0.003928182181
-0.003888141131
-0.003802091815
-0.00377671211
-0.003720600856
-0.003705927869
-0.003684689291
-0.003603546182
-0.003484512679
-0.003478275612
-0.003269854235
-0.00322147063
-0.003199233208
-0.003058309667
-0.002972553717
-0.002900034888
-0.002674427116
-0.002651254646
-0.002256939886
-0.002250696532
-0.002127430402
-0.00210261927
-0.002077993006
-0.002046744572
-0.001911206287
-0.001710706623
-0.001671984443
-0.001600945368
-0.001195355668
-0.001125452574
-0.001036885194
-0.0009839955019
-0.000934970798
-0.0008418903453
-0.0007828986272
-0.0007794374833
-0.0002218347799
-0.0001055961038
-6.301637768e-05
1.291330864e-05
2.024189052e-05
0.0003012152156
0.0006232285523
0.0006309762248
0.0008243658813
0.001120126224
0.001129582408
0.001396826934
0.001501987339
0.001509105205
0.002089262241
0.002161000622
0.002268814249
0.002420834731
0.002501236275
0.002635475248
0.002771184547
0.002823791699
0.00286419387
0.003013484413
0.003061762312
0.00306927273
0.003099275986
0.003163670655
0.003428746248
0.003507210407
0.003761568805
0.00379772624
0.003877753392
0.003971898463
0.003984108102
0.004057023674
0.004133397713
0.00425596023
0.004256850574
0.004329590593
0.004356582649
0.004791900981
0.004901533481
0.004944093525
0.004957059398
0.004971232265
0.005090787541
0.005160575733
0.00537748076
0.005527415313
0.005537885707
0.005576359574
0.005602482241
0.005633188412
0.005862602033
0.006018817425
0.006049609743
0.006277061068
0.006513536442
0.006846352015
0.006854163948
0.006992808077
0.007153318729
0.007390773855
0.007482650224
0.008007530123
0.008032148704
0.008040488698
0.008063090034
0.008126380853
0.008134537376
0.008292045444
0.008427239023
0.008495080285
0.008716510609
0.008726674132
0.008918253705
0.008978656493
0.009083455428
0.009460697882
0.009575273842
0.009613787755
0.009632479399
0.009654429741
0.009715943597
0.009787370451
0.009813927114
0.009830654599
0.009872248396
0.009886045009
0.00998783391
0.01044696663
0.01049089618
0.01052840985
0.010657629
0.01078147627
0.01080510858
0.01100812573
0.01120807789
0.01122841984
0.01128379069
0.011318326
0.01137950737
0.01148062106
0.01200230606
0.0121074561
0.0121155763
0.01227434818
0.01275422797
0.01285060588
0.01298278943
0.01327004284
0.01327910554
0.01348486636
0.0136595061
0.01366123278
0.01372667402
0.0138197206
0.01388820168
0.01399395149
0.01403874066
0.01413672604
0.01436002832
0.01450768486
0.01472436637
0.01480951812
0.01481425483
0.01485981233
0.01498885639
0.01506682951
0.01517579984
0.01533870958
0.0154972719
0.0156500265
0.0157820899
0.01598920673
0.0161246825
0.01614710502
0.01614964008
0.01640848629
0.01641875319
0.01663930342
0.01666537859
0.01689516939
0.01696368679
0.01710470393
0.0173057057
0.01761649922
0.0177420564
0.01780133508
0.01781239174
0.01787743717
0.01825651899
0.01826580055
0.01861331239
0.01900781691
0.0190187972
0.01933261938
0.01936068945
0.0194164142
0.01949106716
0.01963959076
0.01974467188
0.01989015937
0.01992580108
0.01993929408
0.01996208169
0.02013064921
0.02043282613
0.02044477127
0.02050844207
0.02054450661
0.02075203694
0.02085429616
0.02086288668
0.02086316794
0.02099525742
0.02113598213
0.02114373073
0.02129649185
0.02151346765
0.02184127085
0.02190916985
0.02195581794
0.02204996906
0.02222114615
0.02224185318
0.02249862812
0.02276813053
0.02287280001
0.02298361808
0.02300090902
0.02310812101
0.02311242372
0.02317493968
0.02326560579
0.02328953706
0.02331003919
0.02336514927
0.02350252867
0.02354238555
0.02372463048
0.0237309318
0.02381350845
0.02390914038
0.02398615517
0.02405340597
0.02410982363
0.02444927767
0.02467255481
0.02484778874
0.02501125075
0.02504432946
0.02510494553
0.02518725954
0.02525190264
0.02538524009
0.02562228404
0.02568592504
0.02573322691
0.02576989681
0.02582935058
0.02583932132
0.02617517672
0.02647204325
0.02648112364
0.02667424642
0.02668452822
0.02680196427
0.02711974271
0.02712038532
0.02724970318
0.02749189548
0.02781873196
0.02784093656
0.02784319036
0.02786394767
0.02790217288
0.02796729468
0.02800375037
0.02820377983
0.02842534333
0.02878399566
0.02881791629
0.02905430272
0.02921766788
0.02930543385
0.02933526039
0.02938329428
0.02960126288
0.02963399701
0.02972344868
0.02973519266
0.03014716506
0.03028247692
0.03029868565
0.03072318248
0.03072680905
0.03093604371
0.03109650314
0.03115636669
0.03119618632
0.03134163842
0.03137454763
0.03138785064
0.03153039515
0.03173530102
0.03186907619
0.03192250803
0.03197092935
0.03214932606
0.0322749652
0.03234899789
0.03239586204
0.03243744373
0.03264300153
0.03274060041
0.03287310153
0.03291110694
0.03314348683
0.03316304833
0.03320359811
0.03321303055
0.03334892914
0.03338043019
0.03355559707
0.03361753747
0.03391816467
0.0339551121
0.03395798802
0.0339682959
0.03405890241
0.03419269249
0.034784168
0.03504609689
0.03517954051
0.03525664657
0.03587509319
0.03595125675
0.03609025851
0.03610363975
0.03613492101
0.03613948077
0.03613957763
0.0362399444
0.03635241464
0.03637962416
0.03699576482
0.03703391179
0.03711559623
0.03734054789
0.03738246858
0.0375312157
0.03759818524
0.03767364472
0.0378629379
0.03790329024
0.03879452869
0.03893975914
0.03911536559
0.03912087157
0.03919290379
0.03926355019
0.03952443227
0.03960168362
0.03960433975
0.0396861881
0.03984481469
0.04001429677
0.04005223885
0.04022529349
0.04065832123
0.04085959867
0.04087235406
0.0410066992
0.04110373184
0.04183299839
0.04192174226
0.0419414565
0.04194527119
0.04210368544
0.04213486984
0.04214299843
0.04234246165
0.04244262353
0.04269618914
0.04278922826
0.04292220995
0.04300285503
0.04314405099
0.04328629002
0.0433836095
0.04342037439
0.04372704774
0.04378784075
0.04382017255
0.04390702769
0.04402396828
0.04417918622
0.04428295419
0.04442334175
0.04455072805
0.04460898414
0.04465726018
0.04494818673
0.04499838129
0.04593207687
0.04618274793
0.04655399546
0.04679092765
0.0470270142
0.0470600538
0.04708248004
0.0470848456
0.04714453593
0.04733030498
0.04810398817
0.04838895053
0.04860147834
0.04894150421
0.04894155264
0.04928344116
0.04936190695
0.04955836013
0.04960082099
0.05012588203
0.05018460751
0.05041833222
0.05058238655
0.05076476559
0.05099050328
0.05104772002
0.05105379969
0.0514662452
0.05174335092
0.05177333206
0.0520052053
0.05224008113
0.05265831575
0.05271244794
0.05271966383
0.05278769508
0.05322414637
0.05323532596
0.05345286056
0.05359200761
0.05363931507
0.05370610207
0.05383669585
0.05384321883
0.05427696183
0.05461534485
0.05470350757
0.05489231274
0.05495023355
0.05535759032
0.05536417291
0.05540113524
0.05614509806
0.05618802831
0.05624212325
0.05633089691
0.05636820197
0.0565075241
0.05675720051
0.05715577304
0.05727546662
0.05734192953
0.0574092865
0.05754256994
0.05770568177
0.0589354746
0.05912634358
0.05917411298
0.05938474834
0.05944224074
0.06014495715
0.06016384065
0.0601680465
0.06088350713
0.06103265285
0.06121728569
0.06125040352
0.06134413555
0.0615295358
0.06163537875
0.06207975745
0.06212399527
0.06223359704
0.06276459992
0.0628085807
0.06289764494
0.06307385117
0.06363288313
0.06368683279
0.06377957761
0.06387185305
0.06391393393
0.06402800232
0.06471779197
0.06485124677
0.06488403678
0.06539148837
0.06553219259
0.06570973247
0.06612673402
0.06619622558
0.06625627726
0.06629438698
0.06685894728
0.06698328257
0.06712339073
0.06743291765
0.06762377918
0.06763545424
0.06767725199
0.06803196669
0.06804624945
0.06816607714
0.06844586879
0.06852918863
0.06863427907
0.06864583492
0.06872800738
0.06904254854
0.06923054159
0.06944945455
0.06949738413
0.07011644542
0.07023534179
0.07039748877
0.07072411478
0.07074084133
0.07083990425
0.07098155469
0.0717382133
0.07198838145
0.07216277719
0.0730696246
0.07369215786
0.07371412963
0.07384137064
0.07475174218
0.07477946579
0.07478021085
0.07485261559
0.0749232173
0.07498815656
0.07530988753
0.07544499636
0.07551433146
0.07552278042
0.07604117692
0.07611548901
0.07675210387
0.07680634409
0.0769270584
0.07716738433
0.07740612328
0.0776276812
0.07784473896
0.07789535075
0.0781916678
0.0782622844
0.07840432972
0.07843581587
0.07850643992
0.07855001837
0.07925787568
0.07932863384
0.07937677205
0.07950782776
0.07961045206
0.07974717766
0.08037704229
0.08045796305
0.08054302633
0.08092802763
0.08095240593
0.08143215626
0.08215085417
0.08244167268
0.08272673935
0.08278083056
0.08291885257
0.08336393535
0.08337891847
0.08353875577
0.08425385505
0.08436504006
0.08481122553
0.08522868901
0.08535245806
0.08614236861
0.08619000763
0.086253196
0.08654123545
0.08663907647
0.08668475598
0.08679114282
0.08690130711
0.08721956611
0.08761782199
0.0877341032
0.08778488636
0.08782526851
0.08807425201
0.0881619826
0.08831644803
0.08901411295
0.08964945376
0.08984100074
0.0900965482
0.09040858597
0.09132872522
0.09138531238
0.09150866419
0.09244272113
0.09281071275
0.09304405004
0.09332438558
0.09342191368
0.09362477064
0.09387362748
0.09453639388
0.09466837347
0.0949306488
0.09508320689
0.09534935653
0.09576548636
0.09585710615
0.09586118907
0.09597092122
0.096338287
0.09670739621
0.09673065692
0.09683342278
0.09705198556
0.09725491703
0.09750012308
0.09766954184
0.09775634855
0.09778491408
0.09813850373
0.09891533107
0.09909122437
0.09958936274
0.09985732287
0.1000464857
0.1001467928
0.1004627645
0.1006541401
0.1006714776
0.100751467
0.1012027189
0.101272434
0.1013354585
0.1017497405
0.1017879471
0.1021694764
0.1023337394
0.1025249511
0.1026589572
0.1029226556
0.1032281518
0.1032692418
0.1038136184
0.1044627801
0.1046688482
0.1048497856
0.1053420007
0.1054241657
0.1059719846
0.1063524485
0.1069702208
0.1070941091
0.107175909
0.107187517
0.1072169468
0.1074880287
0.1075001657
0.1078933775
0.1080354378
0.1082222462
0.1084728837
0.1086091548
0.1086327583
0.1091530472
0.1094349623
0.1097687781
0.1103053018
0.1103312299
0.1103637889
0.1105071381
0.1112731025
0.1113607883
0.1118660718
0.1121687368
0.1124699414
0.1125731617
0.1126280427
0.1128462479
0.1131264493
0.1132844612
0.1134306416
0.1139952391
0.1142125279
0.1144066527
0.1155001447
0.1159640476
0.11622715
0.1164076775
0.11665833
0.117261596
0.1173112839
0.1173704118
0.1173918769
0.117407538
0.117474325
0.1175244302
0.1175832078
0.1177995726
0.1184137836
0.1189064831
0.1195577532
0.1198142543
0.1201669425
0.1203384399
0.1208226383
0.1208868921
0.1211670935
0.1215151176
0.1216353029
0.1222284213
0.1236904114
0.1238477975
0.1243960038
0.1244144291
0.1250508428
0.1253714859
0.1259891242
0.126387015
0.1268357038
0.1269583106
0.1271226555
0.127379328
0.1275116503
0.128089875
0.1283216923
0.1293067187
0.1294729859
0.1298619807
0.1302470416
0.130378738
0.1304171085
0.1304991841
0.1316885054
0.1322249323
0.1338160634
0.1344504505
0.1345570534
0.1346070468
0.1349907219
0.1360476613
0.1370651424
0.1374437362
0.1379983425
0.1381956041
0.1387748569
0.1396107078
0.139729321
0.1400850713
0.1403677464
0.1404891759
0.1416483521
0.1416827291
0.1421235949
0.1422919184
0.1426796764
0.1430516541
0.1430809349
0.1441708505
0.1443610042
0.1443722993
0.1450957507
0.1463450342
0.1463791579
0.1464267969
0.1466325819
0.147387743
0.1479379088
0.1479493827
0.1486226767
0.1486521661
0.148803845
0.1492297202
0.1496456563
0.1496824622
0.1498692781
0.1500396878
0.1503553987
0.1508435011
0.1512519866
0.1514087617
0.1516470611
0.1517085284
0.1517274082
0.1531833708
0.1534825563
0.1539729238
0.154130578
0.1542164683
0.1546065509
0.1546770185
0.1550932974
0.1561640501
0.1573182344
0.1576300859
0.157768026
0.1580822617
0.1583444029
0.1585977972
0.1587558091
0.1598561257
0.1610227525
0.1610491276
0.1611216962
0.1611266583
0.1613397747
0.1623745561
0.1628393382
0.1630619317
0.1637907475
0.1640349776
0.1642719954
0.1643239856
0.1643792242
0.1646759957
0.165139094
0.165820688
0.1658416092
0.1666118354
0.1669232249
0.1671153903
0.1674486548
0.1680426002
0.1684253961
0.1685147136
0.1685894728
0.1688386798
0.1694374681
0.1706458926
0.1717543006
0.1717761904
0.172050342
0.1720524877
0.1724508554
0.1727105379
0.1737332791
0.1741570085
0.174518615
0.1749144495
0.1750827432
0.1756670773
0.1780391335
0.1781236976
0.1784307808
0.1799069345
0.1810246557
0.1813622713
0.1818359494
0.1821351349
0.1822116524
0.1825868785
0.1826237589
0.18265073
0.183507368
0.183983773
0.1840910763
0.1846719086
0.1847517639
0.1851740181
0.1852721572
0.1861124188
0.1866981834
0.1870221347
0.1873213202
0.1886623502
0.188724339
0.1887289286
0.1896569133
0.1898038685
0.190490514
0.1905005276
0.1905616373
0.1919390261
0.1926761419
0.193459779
0.1938061714
0.1960456371
0.1960752159
0.1963706911
0.1965993047
0.1966044158
0.1968030632
0.1970144808
0.1995635182
0.2013508379
0.2016906738
0.2030098885
0.2033548802
0.2034745961
0.2045531571
0.204779312
0.2048414797
0.2055766881
0.2058087289
0.2060608864
0.2069030106
0.2075707018
0.2080185711
0.2087396085
0.2107923925
0.2121354938
0.212364167
0.2123803794
0.2132793218
0.2135487646
0.2137964666
0.2145993859
0.2161276639
0.21670416
0.2172909826
0.2177022845
0.2183033079
0.2189096659
0.2195280939
0.220457226
0.2205552906
0.2210500538
0.2212407738
0.2217708826
0.2227366269
0.2251961529
0.2264018953
0.2265425324
0.2265632451
0.2273494005
0.2274737507
0.2278778851
0.2279958427
0.2312523127
0.2314929366
0.2325821817
0.2332259417
0.2333904356
0.2337941676
0.2344131917
0.2344395369
0.234620586
0.2346353382
0.2349726558
0.2360608727
0.2370987535
0.2371702045
0.2377346456
0.2409949899
0.2411330491
0.2419563383
0.2460217774
0.2470442355
0.247353062
0.2479371727
0.2480005175
0.2481598258
0.2489791811
0.2499596179
0.2499891073
0.25165236
0.2540569007
0.2545692027
0.2548901737
0.2561667562
0.2569548786
0.2578327358
0.2589307129
0.2594883144
0.2597219944
0.260437429
0.261180222
0.2615220249
0.2616432309
0.2624088228
0.2624674141
0.2631585598
0.2632353008
0.2638716698
0.264249891
0.2650069892
0.2650716603
0.2657447159
0.2660318613
0.26615116
0.2678586245
0.2688155174
0.2689368725
0.2689988315
0.2692207992
0.2698509991
0.2701286077
0.2712247074
0.271589905
0.2718492448
0.2760594785
0.2766339481
0.2831200361
0.2835129499
0.2842519283
0.2848720849
0.2850970626
0.2855426967
0.2890481949
0.2909376025
0.2915044725
0.2919302285
0.292753458
0.2943365872
0.2970381379
0.2973303497
0.297650218
0.2982740104
0.2987627089
0.2997573912
0.3002431989
0.3004716933
0.3005545437
0.3034070134
0.3045674562
0.3079391122
0.3091920018
0.3102606535
0.3109648824
0.3131946027
0.3132059276
0.3158882856
0.3161972761
0.3174088001
0.3232547045
0.3248792589
0.3254440129
0.3260490298
0.3261061609
0.3262248933
0.3269940615
0.3270489573
0.3275252581
0.3294869661
0.3302103877
0.3339668214
0.3440513313
0.3444816768
0.3446750939
0.3458117545
0.350630492
0.3520201147
0.3533767164
0.3556912541
0.3574021161
0.3586387038
0.3598528504
0.3629854918
0.3637884855
0.3647660613
0.3660665452
0.3679673374
0.3685218692
0.3695347905
0.3706364632
0.3720824718
0.3751531541
0.3759488761
0.3795749545
0.3849549592
0.385972023
0.3913900852
0.3928997517
0.3962588608
0.3970186114
0.3984524906
0.3996372819
0.3998017907
0.4046241343
0.4057078063
0.4074238539
0.41032058
0.4187945724
0.4207106829
0.4209284186
0.4226321876
0.4268484414
0.4271587133
0.4301168025
0.430518508
0.4392614663
0.4407956004
0.4426804483
0.445561409
0.4487746358
0.4493173957
0.452475369
0.455434531
0.4637162089
0.4660864174
0.4665310979
0.4675826132
0.4763483405
0.477568686
0.4785216749
0.498316288
0.4986433983
0.501827538
0.5100979805
0.5186044574
0.5186421275
0.5837864876
0.6193567514
0.6232318878
0.6994678378
