-1.556981564
-1.264912009
-1.230378509
-1.128581643
-1.105376601
-1.034320235
-1.020839095
-1.01222837
-1.010435462
-1.008826137
-0.933652401
-0.9217733741
-0.9165937901
-0.9055721164
-0.8995504379
-0.8656302691
-0.8626776934
-0.8545888066
-0.852519691
-0.8492991328
-0.8427388668
-0.8258740902
-0.8230109215
-0.805003047
-0.7985459566
-0.7978700995
-0.7942693233
-0.7692708373
-0.7599384189
-0.7480229735
-0.7457365394
-0.7430852056
-0.7329897881
-0.7236143947
-0.722546041
-0.7133156061
-0.7037628293
-0.6953825355
-0.6914707422
-0.6875036359
-0.6864322424
-0.6845497489
-0.6638571024
-0.663004458
-0.661046207
-0.6605160236
-0.6594543457
-0.6584796309
-0.6540151238
-0.6481692791
-0.6450516582
-0.6303932667
-0.6300869584
-0.6300640106
-0.623920083
-0.6113759279
-0.6046854854
-0.6045687199
-0.6020786166
-0.5961683393
-0.5927285552
-0.592509985
-0.5913646221
-0.5883498788
-0.5861997008
-0.5861081481
-0.574174881
-0.5728867054
-0.5721251965
-0.5713316798
-0.570114553
-0.5562509298
-0.554323554
-0.5497434735
-0.5488118529
-0.5428091288
-0.5425986648
-0.5417638421
-0.5342645645
-0.5317770839
-0.530123353
-0.5296773911
-0.5211743116
-0.5175978541
-0.5156758428
-0.5076034069
-0.5051165819
-0.5042327046
-0.5038079023
-0.4941960573
-0.4891781211
-0.4866098464
-0.4831824601
-0.4779800475
-0.4697095752
-0.4671056271
-0.4666337669
-0.466348201
-0.4641269445
-0.4638674855
-0.4630641341
-0.4626754224
-0.4613238573
-0.4604173899
-0.4594800472
-0.4564274251
-0.4537607729
-0.4535737336
-0.4519048631
-0.4502713978
-0.4415566325
-0.4374882579
-0.4373036623
-0.4370595813
-0.4345330298
-0.433041662
-0.4330246747
-0.432879746
-0.4323501289
-0.429925561
-0.4287021458
-0.4280788004
-0.4242297709
-0.4217211306
-0.4211529493
-0.4177730978
-0.4161050022
-0.4108653069
-0.4083245099
-0.4076611102
-0.4068892598
-0.4051018059
-0.404542625
-0.4043856859
-0.4033364356
-0.4030760527
-0.3985213637
-0.3980605304
-0.3973546028
-0.3958459496
-0.3946255744
-0.3926557899
-0.3924154937
-0.3909705579
-0.3893104494
-0.3890431821
-0.388731122
-0.3865971565
-0.3864557743
-0.3850581944
-0.3793056607
-0.3753536344
-0.3725921214
-0.3692142963
-0.3689376116
-0.3672226965
-0.3631066382
-0.3603819013
-0.3600038886
-0.3599132299
-0.3593397439
-0.358435601
-0.3555739224
-0.354773283
-0.3542952538
-0.3537892997
-0.3530823588
-0.3526259363
-0.3489604294
-0.3479572833
-0.3477514088
-0.3468395472
-0.3459043801
-0.3446776569
-0.3432251215
-0.3432041407
-0.3430823088
-0.3387727439
-0.3379882574
-0.3376100063
-0.3368527591
-0.3366577923
-0.3343458176
-0.3308345675
-0.3304764628
-0.3300947249
-0.3274414241
-0.3256765902
-0.3235945106
-0.3235864937
-0.3225262463
-0.3224317729
-0.3219877481
-0.3203180432
-0.3178358078
-0.3167309165
-0.3158013225
-0.3151840866
-0.3137915134
-0.3121909797
-0.3100600243
-0.309982121
-0.308991611
-0.3076593578
-0.3076561391
-0.3071239889
-0.3065427542
-0.3052701056
-0.3045901954
-0.3043446541
-0.3043373525
-0.3034223914
-0.3029371798
-0.3027811944
-0.3018853068
-0.3007403016
-0.3002814949
-0.2989163995
-0.2979924679
-0.2961763144
-0.2952437401
-0.2947033644
-0.2946947217
-0.2925067246
-0.291784972
-0.2893408239
-0.2891636789
-0.2881102264
-0.2864754498
-0.2858481407
-0.2808443606
-0.2800311446
-0.2793606818
-0.277002573
-0.2746357322
-0.2746256888
-0.2731689215
-0.2730771005
-0.2712915242
-0.2709243894
-0.2702378333
-0.2687691152
-0.2685639858
-0.2685518861
-0.2684435546
-0.2654485404
-0.2650595605
-0.2646009922
-0.264133364
-0.2610517442
-0.2601309121
-0.2589887679
-0.2585264146
-0.2580586076
-0.2578519583
-0.2564603388
-0.2561582327
-0.2554191649
-0.2550603747
-0.2511979043
-0.250990361
-0.2497849464
-0.2492666245
-0.2492026538
-0.2491527349
-0.2482386827
-0.2476316839
-0.2473257929
-0.2463632971
-0.2457201779
-0.2456433028
-0.2437419295
-0.2421536148
-0.2415766567
-0.239949286
-0.2398637235
-0.2396356761
-0.2378799617
-0.2378271073
-0.2374828011
-0.2373494506
-0.2370083332
-0.2367187291
-0.2362709492
-0.2344761789
-0.2344117761
-0.234293282
-0.234046489
-0.2336450219
-0.2330484539
-0.2324680537
-0.2321711779
-0.2321324795
-0.2320037633
-0.2316390872
-0.2301532775
-0.2297541797
-0.2295873761
-0.2295130193
-0.2286610901
-0.2283182591
-0.2283053398
-0.2282152176
-0.2281887829
-0.2277931124
-0.2273582369
-0.2268832028
-0.2266224325
-0.2264747769
-0.2260620892
-0.225654006
-0.2240797728
-0.2236697376
-0.2236326337
-0.2229896337
-0.2228751034
-0.2215058655
-0.2201584727
-0.2196252644
-0.2195511609
-0.2186544091
-0.2184086293
-0.2176208496
-0.2164980322
-0.2161137909
-0.2155772448
-0.2150462419
-0.2148775011
-0.2147280425
-0.2134757191
-0.2121694386
-0.2116344422
-0.2108345032
-0.2094153613
-0.2088543177
-0.20864667
-0.2076023817
-0.207480669
-0.2072176188
-0.2064730227
-0.2064115107
-0.2062674761
-0.2061843723
-0.2051464766
-0.2045371979
-0.2024289817
-0.2022938728
-0.2020751685
-0.1985277683
-0.1978425086
-0.1974184066
-0.1972156912
-0.1970854849
-0.1968214661
-0.1966166794
-0.1965685487
-0.1963696927
-0.1961712837
-0.1957878023
-0.194638893
-0.1936652958
-0.1930401474
-0.1926077604
-0.1922802329
-0.1920420676
-0.1917091608
-0.190646559
-0.1894644946
-0.1894035339
-0.1893849373
-0.1892543137
-0.1889193207
-0.1887427568
-0.1886875629
-0.1884812117
-0.1884635985
-0.1880978495
-0.1864612103
-0.1861557961
-0.1861082315
-0.1860314608
-0.185854122
-0.1858018041
-0.1850251853
-0.1849914193
-0.1849731356
-0.1842032373
-0.1837538332
-0.183097899
-0.1818826795
-0.1817201972
-0.1810695082
-0.1804119051
-0.1800523251
-0.1797557324
-0.179717049
-0.1789898425
-0.1779620349
-0.1779461354
-0.1775846332
-0.1770110279
-0.1759250313
-0.1756470948
-0.1751563847
-0.1724321544
-0.17234613
-0.1719415039
-0.171133399
-0.1710527986
-0.1706816405
-0.1700494736
-0.1696752459
-0.1686054766
-0.1684723943
-0.1676161587
-0.1672772467
-0.166599229
-0.1659208536
-0.1647134423
-0.1646421254
-0.1641000062
-0.1637482792
-0.163689658
-0.1636594534
-0.1634971052
-0.163214758
-0.1631013602
-0.1624181569
-0.1624022424
-0.1614287496
-0.1611336023
-0.1608823538
-0.1604475081
-0.1602983326
-0.1597153842
-0.1594610959
-0.1591276824
-0.1590773612
-0.1585968882
-0.1578945369
-0.1575849652
-0.1567993462
-0.1564403474
-0.1563768983
-0.156272769
-0.1557141989
-0.1553389579
-0.1551185101
-0.1543020308
-0.1541235894
-0.1541202813
-0.1536068171
-0.1528773457
-0.1528555751
-0.1527478248
-0.1522692889
-0.1521141827
-0.1519782245
-0.1519190818
-0.151862368
-0.1516414434
-0.1513295323
-0.1507686079
-0.1507474631
-0.1506884545
-0.1504941881
-0.1502758563
-0.1499946862
-0.1499443948
-0.1488066167
-0.1482533067
-0.1471915096
-0.1469098032
-0.146820277
-0.1464137882
-0.1458916515
-0.1448355913
-0.144436866
-0.1442939192
-0.1440166831
-0.1439655125
-0.1432512701
-0.1424133182
-0.142043829
-0.1419650018
-0.1419487
-0.1415245086
-0.1408329755
-0.1405809522
-0.1403270662
-0.1397259682
-0.1392899603
-0.1384142488
-0.136583209
-0.1363950223
-0.13625741
-0.1362171173
-0.1359006464
-0.1353354305
-0.1349777728
-0.1343114525
-0.1342339218
-0.1342306435
-0.1334019303
-0.1330097765
-0.1324766874
-0.1322354972
-0.1319032013
-0.1314512342
-0.1307458878
-0.1291811466
-0.1289991587
-0.1287500262
-0.1284387857
-0.1281342953
-0.1280052662
-0.1275405288
-0.1273906678
-0.1267030835
-0.1262331456
-0.1259437352
-0.1255079955
-0.1254359633
-0.1250674874
-0.1234778389
-0.1234743446
-0.1233649477
-0.1232916787
-0.1230401248
-0.1229502559
-0.1222787052
-0.1215651184
-0.1208991855
-0.1208121404
-0.1204059869
-0.1203503087
-0.1201217696
-0.1200737208
-0.1194613576
-0.1192660183
-0.1188618243
-0.1188334972
-0.1181956977
-0.1179052144
-0.1171799824
-0.116709657
-0.1165090501
-0.1158535108
-0.1157287881
-0.1157096773
-0.1155454889
-0.1153053567
-0.1152224019
-0.1151881069
-0.1147912741
-0.114572376
-0.1143458933
-0.1142756939
-0.114273414
-0.1141893119
-0.1141716167
-0.1134548187
-0.1133090258
-0.1128240526
-0.111768268
-0.1115999073
-0.1114030033
-0.1103155389
-0.1102704704
-0.1094217449
-0.1093650311
-0.1091669574
-0.1091364175
-0.10909646
-0.1090606675
-0.1087144017
-0.1086313874
-0.1083765477
-0.1083749235
-0.1080963388
-0.1078978553
-0.1073379964
-0.107241109
-0.1072002575
-0.1066552475
-0.10646227
-0.1061428264
-0.1058554724
-0.1058137789
-0.105721958
-0.1055653989
-0.1053503752
-0.1053459868
-0.1049591079
-0.1045906916
-0.1044187322
-0.1043387651
-0.1035956815
-0.1032558903
-0.1031336114
-0.1030442491
-0.1029051393
-0.1027399227
-0.101999037
-0.1018973216
-0.101699613
-0.1016921923
-0.1016420946
-0.101618059
-0.1015525535
-0.1015278101
-0.1014453322
-0.1014266238
-0.101362668
-0.1012280732
-0.1010193974
-0.1008559093
-0.1007022187
-0.1006360129
-0.1004656479
-0.1004399285
-0.1003434211
-0.1000150517
-0.09996180981
-0.09992642701
-0.09988546371
-0.0996876359
-0.09932521731
-0.09876275808
-0.09873581678
-0.09821493179
-0.09812128544
-0.09797845781
-0.09775397927
-0.09771354496
-0.0975741744
-0.09734199196
-0.0971352309
-0.09691101313
-0.09650347382
-0.09630780667
-0.09565865993
-0.09537012875
-0.09483013302
-0.09478948265
-0.09423197061
-0.09352261573
-0.09266321361
-0.09264630824
-0.09227992594
-0.09189876914
-0.09188552201
-0.09117798507
-0.09094277769
-0.09090230614
-0.0908651799
-0.09073377401
-0.09056251496
-0.09045731276
-0.09031695873
-0.0901523456
-0.09009805322
-0.08998806775
-0.08997287601
-0.08990593255
-0.08980286866
-0.0897795409
-0.08974603564
-0.08961812407
-0.08956622332
-0.08953361213
-0.08940716088
-0.08895862848
-0.08870406449
-0.08863656223
-0.08861219138
-0.0883692503
-0.08811755478
-0.08772564679
-0.08770330995
-0.08749455214
-0.08719050884
-0.08678475022
-0.08676874638
-0.08676651865
-0.08676110953
-0.08636894077
-0.08629933
-0.08614722639
-0.08597011864
-0.08569794148
-0.0856833905
-0.08505676687
-0.08497046679
-0.08490095288
-0.08489668369
-0.08487458527
-0.08435364813
-0.08435046673
-0.08413868397
-0.08376886696
-0.08365438879
-0.0836436227
-0.08363861591
-0.08351014555
-0.08323007822
-0.08320206404
-0.0831501931
-0.08302378654
-0.08238691837
-0.08236341178
-0.08230251074
-0.08216321468
-0.08210695535
-0.08185224235
-0.08162733167
-0.08147360384
-0.0812054649
-0.08107518405
-0.0810649395
-0.08094140887
-0.08092945814
-0.08041426539
-0.08040380478
-0.07916024327
-0.07875561714
-0.07857729495
-0.07841099054
-0.07840693742
-0.07831873
-0.07817955315
-0.07760668546
-0.07741784304
-0.07703434676
-0.07676975429
-0.07666894048
-0.0766024068
-0.07652270794
-0.07632082701
-0.07556049526
-0.07536953688
-0.07515515387
-0.07492420077
-0.07481759787
-0.0746858418
-0.07429269701
-0.07417536527
-0.07392276078
-0.07389113307
-0.07383818924
-0.07371915877
-0.07366087288
-0.07364038378
-0.07359591126
-0.07340200245
-0.07340145111
-0.07329019904
-0.07328531146
-0.07321716845
-0.07316461951
-0.07275146991
-0.07255753875
-0.07254997641
-0.07229174674
-0.0722842887
-0.07199879736
-0.07139617205
-0.07138490677
-0.07112326473
-0.07104176283
-0.07102611661
-0.07064176351
-0.07028859109
-0.07007451355
-0.06962116808
-0.06944680214
-0.06933451444
-0.06907439232
-0.06888204813
-0.06882932037
-0.06870517135
-0.06855403632
-0.06852465868
-0.06848827004
-0.06830766052
-0.06803977489
-0.06764044613
-0.06730395555
-0.06728831679
-0.06728283316
-0.06719219685
-0.06702109426
-0.06682427973
-0.0663003251
-0.06619841605
-0.06618910283
-0.06616595387
-0.06589905173
-0.06589701772
-0.06588891149
-0.06574489176
-0.06573562324
-0.06560963392
-0.06552799046
-0.06542878598
-0.06470707804
-0.06446653605
-0.06439227611
-0.06436556578
-0.06382277608
-0.06378028542
-0.06340636313
-0.06332915276
-0.06331156194
-0.06304575503
-0.06297086179
-0.06257698685
-0.06249108911
-0.0619991757
-0.0619375743
-0.06181920692
-0.06176816672
-0.06132567674
-0.06091941893
-0.06091315672
-0.0608869642
-0.06054718792
-0.06019191071
-0.05974591151
-0.05961137637
-0.05937154219
-0.05936558545
-0.05908205733
-0.05902089179
-0.05896103382
-0.05892372504
-0.058537025
-0.05850047991
-0.05848738551
-0.05832808465
-0.05826143175
-0.05804414675
-0.05798669904
-0.05789738521
-0.05769907311
-0.05746335164
-0.05728252232
-0.05710778013
-0.05703912303
-0.056914635
-0.05685214326
-0.05668347329
-0.05660352483
-0.05632804707
-0.0560608767
-0.05597184226
-0.05522796139
-0.05496144295
-0.05481061339
-0.05471886322
-0.05467480421
-0.05461520702
-0.05430928245
-0.0542152375
-0.05411662161
-0.05376025289
-0.05372119695
-0.05311221629
-0.05281177536
-0.05273969844
-0.05273806676
-0.05258047208
-0.05220988393
-0.05200952291
-0.05198052526
-0.05183276162
-0.0517302677
-0.05171823874
-0.05124741793
-0.05110980943
-0.0511059314
-0.05110051855
-0.0510968864
-0.05096439645
-0.05081892386
-0.05060656741
-0.0504912734
-0.05049014837
-0.05032933503
-0.05026660115
-0.05004190654
-0.04999630526
-0.04974938184
-0.049705863
-0.04958066717
-0.0494738631
-0.04942975566
-0.04935457557
-0.04910063371
-0.04909847677
-0.04904122278
-0.04875573143
-0.04866869003
-0.04851841927
-0.04835507646
-0.04813878983
-0.04797635227
-0.04748541862
-0.04726394638
-0.04715931416
-0.04700796306
-0.04687119648
-0.04680033773
-0.04660031945
-0.04643104225
-0.04634989798
-0.04609461129
-0.04592896625
-0.0458923392
-0.04583189636
-0.04569902271
-0.04563310742
-0.04558251426
-0.04535349458
-0.04502061382
-0.04476160929
-0.04472266883
-0.04452547431
-0.04432922974
-0.04426956177
-0.04351950809
-0.04339257628
-0.042944666
-0.04286348447
-0.04286317527
-0.04283301905
-0.04270825535
-0.04253520072
-0.04252101481
-0.0425122641
-0.04246709868
-0.04236703366
-0.04235150665
-0.04224616289
-0.04207573459
-0.04206067696
-0.04202482477
-0.04186303914
-0.04160535708
-0.04157479852
-0.04150966182
-0.04147601128
-0.04146214575
-0.04134236276
-0.04115464538
-0.04114447534
-0.04113373905
-0.04101787135
-0.04097636044
-0.04088342935
-0.04077063873
-0.04073012248
-0.04067775607
-0.04059974477
-0.04044054821
-0.04035373032
-0.04027265683
-0.04020526633
-0.04003721848
-0.03997458145
-0.03984643146
-0.03980691358
-0.03970749304
-0.03960281238
-0.03948365524
-0.03940317035
-0.03928775713
-0.03927578777
-0.03887502849
-0.0387725383
-0.03876864165
-0.0386143364
-0.03860129789
-0.03854075447
-0.03839487582
-0.03832028434
-0.03818491101
-0.03809729964
-0.03794699162
-0.03765415773
-0.03741853684
-0.03738771752
-0.03714422137
-0.03699844331
-0.0368370153
-0.03665538132
-0.03662906215
-0.03646590188
-0.03630955517
-0.03625576198
-0.03597851098
-0.03552510589
-0.03499513119
-0.03496498987
-0.03478447348
-0.03475571424
-0.03473121673
-0.03463086486
-0.03451861441
-0.03434579447
-0.03422357887
-0.03415082768
-0.03387977183
-0.03377614543
-0.03371396661
-0.03370423615
-0.03324015066
-0.03311003745
-0.03301464394
-0.03297945485
-0.03283726797
-0.03273103386
-0.03263825551
-0.03263162449
-0.03248139098
-0.03246319667
-0.03228121251
-0.03224562481
-0.03221167997
-0.03219437599
-0.03211246058
-0.03167654201
-0.03160969168
-0.0316089429
-0.03148268536
-0.03093403019
-0.03077309206
-0.03067436814
-0.03033770248
-0.03009075113
-0.03006298095
-0.03004566208
-0.0297546275
-0.02975171618
-0.02964752726
-0.02961664647
-0.02930949256
-0.02924264595
-0.02895194106
-0.0289002154
-0.02880326286
-0.02867854014
-0.02860580944
-0.02846188284
-0.02841841616
-0.0281905029
-0.02808867395
-0.02799532562
-0.02786789089
-0.02780637331
-0.02776811272
-0.02774809673
-0.02729683183
-0.02717911452
-0.027025925
-0.02673765644
-0.0265992377
-0.02653951943
-0.02610533498
-0.0260105487
-0.0259322729
-0.02588196844
-0.0257430058
-0.0256745778
-0.02502414025
-0.02502388135
-0.02501338534
-0.02498074062
-0.02490884811
-0.02478425577
-0.02472754009
-0.02458246797
-0.02444119565
-0.02437210642
-0.02432678826
-0.02425656095
-0.02422809415
-0.02416153625
-0.02413748391
-0.0239894744
-0.02382968739
-0.02366025187
-0.02330278419
-0.02312341519
-0.02307952382
-0.02307846397
-0.02305090241
-0.02302947454
-0.02281568944
-0.02271750011
-0.02268197387
-0.02266645245
-0.02253056318
-0.02248910256
-0.0223215241
-0.02231002972
-0.02227146178
-0.02225705609
-0.02218865976
-0.02193581313
-0.02182912454
-0.02155438811
-0.0213163048
-0.02107660659
-0.02089630999
-0.02084122412
-0.02078226767
-0.02074293047
-0.02069869824
-0.02069652267
-0.02055293694
-0.02037415095
-0.02004455775
-0.01995305717
-0.01991547644
-0.01979414001
-0.01975498721
-0.01964591816
-0.01946437359
-0.01946406066
-0.01919258386
-0.01901416667
-0.01880680397
-0.01877907477
-0.01868462004
-0.0185806714
-0.01858046837
-0.01837152615
-0.01834983379
-0.01821952872
-0.01811918989
-0.01780514419
-0.0176488366
-0.01717470773
-0.01696098223
-0.01670587622
-0.01662579365
-0.0163175296
-0.01615288109
-0.01613518409
-0.01611468755
-0.01610853337
-0.01590764523
-0.0158976689
-0.01579255238
-0.01576236822
-0.01574548334
-0.01564455032
-0.01559620164
-0.01547564659
-0.01544280443
-0.01520603988
-0.01499603409
-0.01496250648
-0.01494861674
-0.0148624545
-0.01467848103
-0.01453291997
-0.01429266483
-0.01419075392
-0.01394557022
-0.0137884561
-0.01324704755
-0.01305255573
-0.01299027819
-0.01294122357
-0.01285959315
-0.01264727209
-0.01217153203
-0.01197652519
-0.01195523143
-0.01184357144
-0.01176219434
-0.01153522078
-0.01133753732
-0.01115293428
-0.01077770349
-0.01069224346
-0.01058094203
-0.01023063343
-0.01018822845
-0.01012582425
-0.009970551357
-0.009935637936
-0.009079398587
-0.009007032029
-0.008937181905
-0.008735852316
-0.008696003817
-0.00853972882
-0.008312551305
-0.008223581128
-0.008217566647
-0.008075604215
-0.008064416237
-0.007853400894
-0.007730927318
-0.007586116903
-0.007305981591
-0.007302279118
-0.007010613568
-0.006860517897
-0.006859201007
-0.006721742451
-0.006702896208
-0.006594816688
-0.006561100483
-0.005966281984
-0.005839661695
-0.005825840402
-0.005821673665
-0.005795209669
-0.005733589642
-0.005700497422
-0.005678591784
-0.005647399463
-0.005355416331
-0.005266733933
-0.005188957788
-0.005145519506
-0.005081503186
-0.004969205707
-0.004953586496
-0.004827242345
-0.004817597102
-0.004786933772
-0.00435644947
-0.004286649171
-0.003834210336
-0.003803885309
-0.003659461625
-0.003366857534
-0.003298908472
-0.00322263618
-0.003200256731
-0.003169985721
-0.003153665224
-0.003123112256
-0.003072918626
-0.003067909274
-0.003023208352
-0.003007674124
-0.002943385625
-0.002493037377
-0.002400167752
-0.00223654462
-0.002219066257
-0.00216433173
-0.002154196613
-0.001961356495
-0.00183402223
-0.001740658889
-0.001597758615
-0.001551689929
-0.00147811207
-0.001350008184
-0.001334738918
-0.0009758859524
-0.0005555113894
-7.516786718e-05
-3.714140621e-05
0.0001057397822
0.000118686381
0.0002321620705
0.0002325937239
0.000257239124
0.0002900496474
0.0003867364721
0.0005620798911
0.0005971183418
0.0008733948926
0.0009529854287
0.001439437619
0.001507930923
0.001590660075
0.001679124427
0.001768735587
0.001830788911
0.00195044931
0.001987690805
0.001992277103
0.002430990571
0.002688379958
0.002794819418
0.002856373088
0.002983625745
0.003108211327
0.003225794295
0.00331702712
0.00335325161
0.003402860137
0.003432286205
0.00345206866
0.003560601966
0.004151028581
0.00415671058
0.004301273264
0.00437615253
0.004554804415
0.004905929323
0.00535347173
0.005372580141
0.005374496337
0.005456354469
0.005487713497
0.005544085521
0.005700062029
0.00607889425
0.006132623181
0.006172164809
0.006172527559
0.006431346759
0.006448287051
0.006656970363
0.006758135743
0.006966867484
0.007005279884
0.007203415036
0.007380953524
0.00739658298
0.007445540745
0.007580347825
0.007618737407
0.007738620974
0.007907095365
0.008123762906
0.008163737133
0.008170351386
0.008200637996
0.008349373937
0.008401812054
0.008591230959
0.008725965396
0.00880516693
0.008843163028
0.009046953171
0.00934950728
0.00954296533
0.009763404727
0.009987821802
0.01039110497
0.01047402993
0.01054869499
0.01076726895
0.01078830846
0.01098794769
0.01111026946
0.01113306172
0.01116237603
0.01118036453
0.01128266566
0.01134985127
0.0114628626
0.01147097256
0.01150149386
0.01176862791
0.01180093735
0.01193149947
0.01205471624
0.01219186187
0.01221110858
0.01221538428
0.0122294426
0.01248280425
0.01249454822
0.01272888388
0.01275358535
0.01284494717
0.01292552706
0.01336708013
0.01340156607
0.01394495834
0.01410410926
0.01411765441
0.01414357591
0.01421062276
0.01423856802
0.01453839894
0.01472308114
0.01474955771
0.01482772827
0.01511876099
0.01518149208
0.0151941292
0.01568637416
0.01585839875
0.01587824896
0.01595379412
0.01620165259
0.01631659828
0.01651225984
0.01651376672
0.01657692902
0.01660566218
0.01719059423
0.01719395816
0.0174504742
0.01745666005
0.01761897095
0.01799441129
0.01833705604
0.01840605587
0.01856928319
0.01863911189
0.01968607679
0.01999944821
0.02002232149
0.0200911276
0.02010068297
0.02025357261
0.02047616616
0.02061980776
0.02070935816
0.02092349716
0.02094316483
0.02107861079
0.02109511942
0.02117043361
0.02127843536
0.02129128017
0.02138039097
0.02146360464
0.02164406702
0.0219275821
0.0222023651
0.02238288149
0.02246816829
0.02287882753
0.0229623951
0.02304784767
0.02305992134
0.02336212434
0.02348566614
0.0235339012
0.02367711253
0.02391950227
0.02403385378
0.02423559688
0.02444644459
0.02449847758
0.02456957102
0.02465503849
0.0248554647
0.02485907637
0.02496202476
0.02496827208
0.02514339238
0.02523816191
0.02524382435
0.02533264272
0.02538018674
0.02544644661
0.02545319125
0.02598286979
0.02615317516
0.02621793561
0.02622252516
0.02630988881
0.02650375664
0.02666893974
0.02677713707
0.02683485299
0.02684122883
0.0270519834
0.02717969567
0.02741738409
0.02761581913
0.02763194218
0.02768297121
0.02787123621
0.02789908275
0.02817954868
0.02823672444
0.0282489676
0.02827709913
0.02842201665
0.0285630133
0.02890252136
0.02912686206
0.02917913534
0.02954630926
0.02981842682
0.02991096862
0.03003608063
0.03063347377
0.0309359692
0.03114122152
0.03118217923
0.03118871339
0.0314409025
0.03148751333
0.03150494024
0.03151451051
0.03223829716
0.0322868377
0.03237267211
0.03239659965
0.0324020423
0.03252927214
0.03300036117
0.03324063495
0.03339712322
0.03354742751
0.03376121819
0.03384188563
0.03415468708
0.03421065211
0.03428542614
0.03465714306
0.03481582925
0.03487739712
0.03488422185
0.03490268439
0.03512072191
0.03547659516
0.03580466658
0.0360673517
0.03620251641
0.0365155898
0.03651815653
0.03714390472
0.03733928129
0.03736659139
0.03737033531
0.03738516942
0.03749034926
0.03757520765
0.03792441264
0.03821159899
0.03824538365
0.03844740987
0.03847945854
0.03863559291
0.03880080581
0.03895305097
0.03904026747
0.03941072524
0.03957449272
0.03960931674
0.03981171548
0.039816048
0.04004266486
0.04008292034
0.04029130936
0.04031284153
0.04045467824
0.04046911374
0.04065763205
0.04084498435
0.04085073248
0.04104346037
0.04115978256
0.0411907807
0.04129027203
0.04144310206
0.04147391394
0.04153892025
0.04154967889
0.0419616662
0.04205451533
0.04238234833
0.04260436073
0.04262552783
0.04277522862
0.04278082401
0.04278260842
0.04308247566
0.04327246547
0.04332766309
0.0435472168
0.04368821532
0.0438847281
0.04408346117
0.04416354373
0.04438716173
0.04454580694
0.04457865283
0.04464806989
0.04467385262
0.0447204262
0.04483702406
0.04498527572
0.04521673173
0.04542715847
0.04559096694
0.04569017515
0.04581744596
0.04586415738
0.04608514532
0.0461887978
0.04630613327
0.04644097015
0.04648968577
0.04652783647
0.04656356573
0.04662660509
0.04683835059
0.04688340425
0.0469134748
0.04714813828
0.04722942039
0.04724746197
0.04739236087
0.0474078916
0.0474599041
0.04749722034
0.04758712649
0.04762247205
0.0477761887
0.04788948968
0.04825247079
0.04836803302
0.04863932356
0.0487177521
0.04876055941
0.04912623391
0.0491483286
0.04923059419
0.04934855178
0.04954729229
0.04955304042
0.04961383343
0.04966922477
0.04970603064
0.04975615069
0.04979624227
0.0501127243
0.05012422428
0.05049737915
0.0505168736
0.05055623129
0.05075670034
0.05087780207
0.0509310551
0.05123002082
0.05136086047
0.0515801385
0.05196835846
0.05206763372
0.05241675302
0.05244556814
0.05297263712
0.05298578739
0.05323791876
0.05340757221
0.05405602977
0.05410942063
0.05421328172
0.05422960222
0.05424431339
0.05430971086
0.05441369861
0.05454485118
0.0545498319
0.05465321615
0.05476947501
0.05494166166
0.05524772033
0.05533726513
0.05545995012
0.05548682809
0.05553006381
0.05581025779
0.05598674342
0.05608053878
0.05618578941
0.056324929
0.05643816292
0.05650594831
0.05664707348
0.05712471157
0.05738131702
0.057535097
0.057554584
0.05772205815
0.05775433034
0.05793745816
0.05802810192
0.05816979334
0.05822878703
0.05834296718
0.05846899003
0.05851546302
0.05871747434
0.05873616412
0.05887564272
0.05905362219
0.0591959618
0.05928176269
0.05956976861
0.05982161313
0.0598802641
0.05989008397
0.05997682363
0.06056572497
0.06073786318
0.06113126129
0.06127607822
0.06133217737
0.06145780534
0.06205184385
0.0620803982
0.06230669469
0.0623909682
0.06246113777
0.06266885996
0.06309310347
0.06366146356
0.06380472332
0.06382164359
0.06385365874
0.06402912736
0.06446642429
0.06471733004
0.06473095715
0.06479569525
0.06500427425
0.06553696841
0.06603906304
0.06608130038
0.066126436
0.06615548581
0.06623958796
0.06642650068
0.06643365324
0.06646221876
0.06651460379
0.06690382212
0.06692215055
0.06697101891
0.06700325012
0.06701422483
0.06712693721
0.06724265218
0.06740998477
0.0674675703
0.06768474728
0.06774519384
0.06802291423
0.06827047467
0.06849456578
0.06869076937
0.06889055669
0.06919700652
0.06954197586
0.06982735544
0.07023707777
0.07029536366
0.07037989795
0.07042273879
0.07046223432
0.07046337426
0.0709559992
0.0710208565
0.07137991488
0.07168301195
0.07225694507
0.07228499651
0.07245212048
0.07253243774
0.07260239124
0.07285436988
0.07288841158
0.07313351333
0.07340790331
0.0739370957
0.07410985231
0.07588528097
0.07616623491
0.07640007138
0.0764080137
0.076750651
0.07677992433
0.07679255307
0.07687598467
0.07712224126
0.07715270668
0.07723102719
0.0772529617
0.07727813721
0.07749827951
0.0777021274
0.07770331204
0.07773955911
0.07777453214
0.0782019794
0.0782155171
0.07858562469
0.07861347497
0.07925991714
0.07937902957
0.07996813953
0.08049568534
0.08059474081
0.08066100627
0.08116059005
0.08148741722
0.0819150582
0.08226647973
0.08244215697
0.08257580549
0.0827312246
0.08316207677
0.08337829262
0.08338700235
0.08341110498
0.08357139677
0.08376678824
0.08416062593
0.08431943506
0.084830001
0.08493582904
0.08495390415
0.08565165848
0.08613882214
0.08648657799
0.08667211235
0.08678451926
0.08681467921
0.08683469146
0.087078318
0.08718682081
0.08749283105
0.0876346454
0.08767512441
0.08772411942
0.08844536543
0.08863066137
0.08873005211
0.0889365375
0.08913588524
0.08914858848
0.08960229158
0.08991398662
0.09009399265
0.09017315507
0.09066339582
0.09124927968
0.09185714275
0.09206262231
0.09216734022
0.09239688516
0.0928703621
0.09292831272
0.09336500615
0.09353201091
0.09379704297
0.09382478893
0.09382563829
0.0938270092
0.09384357184
0.09439504892
0.09485882521
0.09497433156
0.09531372786
0.09534795582
0.09584418684
0.0958609283
0.0961194858
0.09673686326
0.09699124843
0.09714833647
0.09733887762
0.09742450714
0.09747797996
0.0975914225
0.09791174531
0.09813611954
0.09849155694
0.09893154353
0.09909833968
0.0997217074
0.100054346
0.1006817669
0.1011757031
0.1015084013
0.1021017656
0.1024195477
0.1028902307
0.103059575
0.1031492949
0.1032448784
0.1032983214
0.103469722
0.1036654934
0.1044130847
0.1046843454
0.104972057
0.1049894542
0.1055310592
0.1056133956
0.1057237536
0.1060948372
0.1062946245
0.107098192
0.1077369973
0.1086839736
0.1090203077
0.1093617752
0.1093718708
0.1101398692
0.1101509854
0.1107442454
0.1115491465
0.1118142158
0.1122346818
0.1129730195
0.1130089238
0.113372311
0.1144575104
0.1146349311
0.114674449
0.1150042713
0.1151362732
0.1154041663
0.1158147827
0.1158305779
0.1158357486
0.1160257235
0.1163877323
0.1167921796
0.1168523431
0.1173528656
0.1175694689
0.1186119914
0.1190103069
0.1190979779
0.1191804782
0.1192121282
0.119342424
0.1195132434
0.1203550845
0.1207000241
0.1211444512
0.1214379147
0.1215740964
0.1217196137
0.1221447885
0.1224066466
0.1225040704
0.1227895468
0.1231161281
0.1235748306
0.1236860007
0.1237802133
0.1238443032
0.1242675483
0.1242912635
0.1243053153
0.1243416891
0.1243457049
0.1253252625
0.1265843362
0.1267139614
0.127413705
0.1274587065
0.1275054514
0.1275842637
0.1284877062
0.128904283
0.1289275289
0.1293714046
0.1294313669
0.1297835112
0.1301160604
0.1303080171
0.1314041913
0.1315081269
0.1324602962
0.1327554882
0.1333898306
0.133671239
0.1349911839
0.1355081052
0.1356371939
0.135661304
0.1369227767
0.1374995112
0.1376329958
0.1387372315
0.1387950033
0.1403093189
0.1403244138
0.1403531581
0.1405292302
0.1409635544
0.1412627101
0.1416248679
0.1422452629
0.1423854083
0.1424938589
0.1433905512
0.144514963
0.1445741206
0.1447033435
0.1451019049
0.1458633095
0.1458775699
0.1463932693
0.1467837095
0.1468511671
0.147234723
0.1476241946
0.1478629708
0.1483115256
0.1485838294
0.148821041
0.149158746
0.1494335979
0.1495617926
0.149578765
0.1513645649
0.1514601856
0.1517640948
0.1529536247
0.1531052589
0.1531593502
0.153280884
0.1532983631
0.1540861577
0.1546571404
0.1548647881
0.1553071737
0.1559993029
0.1564065963
0.1567596346
0.1575989872
0.1579608321
0.1583988667
0.1597958356
0.1598384529
0.1606092304
0.16171588
0.1622310579
0.1628957242
0.1630352587
0.1633845866
0.1636678725
0.163703382
0.1639228016
0.1639375389
0.1639519781
0.1641824991
0.1643542647
0.1647507995
0.1651320308
0.1655605137
0.1656171083
0.1658232957
0.1659483314
0.1665750742
0.1671678424
0.1672214419
0.167430222
0.1674339324
0.1691237986
0.1696004272
0.1700468361
0.1701362431
0.1707857102
0.1712320298
0.1720882058
0.1724035293
0.1734830588
0.1737348735
0.1737574488
0.1769972593
0.1775390357
0.1776575297
0.1782029271
0.1788908541
0.1789313257
0.1796164513
0.1797432899
0.1799592376
0.1804338396
0.1810795367
0.1820114702
0.1821794808
0.1822381765
0.1822818518
0.1823400259
0.1825047135
0.1829778105
0.1832457632
0.183291629
0.1835877746
0.1836011559
0.1838979572
0.1844513267
0.1848653555
0.1857304126
0.1867702156
0.1878619939
0.1886315942
0.1889777333
0.1889836788
0.1897909194
0.1900711954
0.190879643
0.1911163777
0.1934074908
0.1935611814
0.194268018
0.1944159269
0.1960216463
0.1962217242
0.1972267628
0.1973899752
0.1976625621
0.1986036897
0.1988016367
0.1993513256
0.1995919943
0.1999237239
0.2007256001
0.2008699626
0.2014675885
0.2017818689
0.2027112991
0.2030158937
0.2038759142
0.2041151524
0.2047570795
0.2048819214
0.2055949122
0.2059728056
0.2062695175
0.2064907402
0.2068877667
0.2073423266
0.2073640227
0.2073961794
0.2077609599
0.2078307569
0.2082857043
0.2097507864
0.2108415812
0.2109536529
0.2113743871
0.2114037126
0.212027356
0.2121208757
0.2124468088
0.2130126059
0.2144924253
0.2151886374
0.2154386342
0.2160187662
0.2166636139
0.2176482975
0.2184399217
0.2184716016
0.2185327262
0.2186347395
0.2198789418
0.2203287035
0.2204306573
0.2214243561
0.221781522
0.2221628278
0.2230535746
0.2232465148
0.2238281369
0.2240245044
0.2245864868
0.2246879488
0.2255602628
0.225605011
0.2265391648
0.2272283435
0.2274203748
0.2275322229
0.2293486595
0.2293926924
0.2302882224
0.2313065678
0.2322289944
0.2326088697
0.2329459041
0.2331993878
0.2332384586
0.2346155196
0.2347946912
0.2351159453
0.2351442724
0.2358181626
0.2360521257
0.2363735586
0.2366054207
0.23739326
0.2375298291
0.2382594496
0.2386536598
0.2412440181
0.2417956442
0.2418717444
0.2428456545
0.2432593852
0.2434152216
0.2438833714
0.2440973669
0.2447095066
0.2449310869
0.2449667454
0.2470272332
0.2480894625
0.248187989
0.2494302392
0.2510805726
0.2527824938
0.2530702949
0.2533683777
0.2540134192
0.2541110218
0.2543795705
0.254938364
0.2561829984
0.2565787733
0.2571128309
0.2591004968
0.2614956498
0.2629119456
0.2631402314
0.2636959851
0.2642905414
0.2652337253
0.2667693496
0.2691773176
0.2697708607
0.2701350451
0.2709098756
0.2718864381
0.2725288868
0.2737924159
0.2743236721
0.2782634199
0.2784162164
0.2784418762
0.2790284157
0.2816206515
0.2818087637
0.2821004093
0.2824341357
0.2832423151
0.2834703922
0.2836233377
0.2868548036
0.2869479656
0.2891665399
0.2899270654
0.2911067009
0.2931208313
0.2935908735
0.295142144
0.2958578765
0.2966671288
0.2969630361
0.2970949113
0.2978650331
0.297973305
0.2986532748
0.2999882996
0.3007514775
0.3014743328
0.3022707403
0.3027752042
0.3051669002
0.3058358133
0.3062929809
0.3069366813
0.3076491654
0.3084529936
0.3092442155
0.309643656
0.3109335005
0.3121162951
0.3121940196
0.3126512766
0.3132133484
0.3138080835
0.3149202168
0.3173270524
0.3181653917
0.3183933794
0.3188284934
0.3218012452
0.3230120242
0.3235821426
0.3269827664
0.3287193179
0.3290759325
0.3334977329
0.3376580179
0.3377664387
0.3385500312
0.3414943516
0.3416313529
0.342751503
0.3433926404
0.3444065452
0.3448807299
0.3470655084
0.3470677137
0.347301662
0.3481767178
0.3516003489
0.3548122942
0.3553624153
0.3576735854
0.3579390347
0.3600184023
0.360373348
0.3614974618
0.363622725
0.3706775606
0.3708001375
0.3725404143
0.3763757646
0.3777316511
0.3802076578
0.3813965917
0.3829967678
0.3867270648
0.3907422125
0.3916616738
0.391813904
0.3960970044
0.3969389796
0.3970510066
0.3972806036
0.3994735777
0.4017671049
0.4042027891
0.4086053967
0.4131953418
0.4155759215
0.4191567302
0.4194543064
0.4204992652
0.4253014922
0.4265654683
0.4315240383
0.4332629442
0.4362591207
0.4497282207
0.4530324936
0.4545944631
0.4562100172
0.4576984644
0.4579101205
0.4624621272
0.4632359147
0.4660669565
0.4667608738
0.4669033885
0.4683624208
0.4731075168
0.4736377895
0.47756809
0.4816868305
0.4828564525
0.4846614301
0.4884622097
0.4898478687
0.5000071526
0.505135119
0.5079529285
0.5098934174
0.516079545
0.5204707384
0.5263941884
0.526835084
0.5289098024
0.5366333723
0.5390896201
0.5465790033
0.5478122234
0.5514340997
0.5594757199
0.5834211707
0.5847674012
0.6047659516
0.6056893468
0.6125561595
0.6139121056
0.6284883022
0.6433284879
0.7380128503
0.7444376349
