-0.15316
-0.129597
-0.129597
-0.129597
-0.129597
-0.129597
-0.129597
-0.106034
-0.106034
-0.106034
-0.106034
-0.106034
-0.0824706
-0.0824706
-0.0824706
-0.0824706
-0.0824706
-0.0824706
-0.0824706
-0.0824706
-0.0824706
-0.0824706
-0.0824706
-0.0824706
-0.0824706
-0.0824706
-0.0589076
-0.0589076
-0.0589076
-0.0589076
-0.0589076
-0.0589076
-0.0589076
-0.0589076
-0.0589076
-0.0589076
-0.0589076
-0.0589076
-0.0589076
-0.0589076
-0.0589076
-0.0589076
-0.0589076
-0.0589076
-0.0589076
-0.0589076
-0.0589076
-0.0589076
-0.0589076
-0.0589076
-0.0589076
-0.0589076
-0.0589076
-0.0589076
-0.0589076
-0.0589076
-0.0353445
-0.0353445
-0.0353445
-0.0353445
-0.0353445
-0.0353445
-0.0353445
-0.0353445
-0.0353445
-0.0353445
-0.0353445
-0.0353445
-0.0353445
-0.0353445
-0.0117815
-0.0117815
-0.0117815
-0.0117815
-0.0117815
-0.0117815
-0.0117815
-0.0117815
-0.0117815
-0.0117815
-0.0117815
-0.0117815
0.0117815
0.0117815
0.0117815
0.0117815
0.0117815
0.0117815
0.0117815
0.0117815
0.0117815
0.0117815
0.0117815
0.0353445
0.0353445
0.0353445
0.0353445
0.0353445
0.0353445
0.0353445
0.0589076
0.0589076
0.0589076
0.0589076
0.0589076
0.0589076
0.0589076
0.0589076
0.0589076
0.0589076
0.0589076
0.0589076
0.0589076
0.0589076
0.0824706
0.0824706
0.0824706
0.0824706
0.0824706
0.0824706
0.0824706
0.0824706
0.0824706
0.0824706
0.106034
0.106034
0.106034
0.106034
0.106034
0.106034
0.106034
0.106034
0.106034
0.129597
0.129597
0.129597
0.129597
0.129597
0.129597
0.129597
0.15316
0.15316
0.15316
0.15316
0.15316
0.15316
0.15316
0.15316
0.176723
0.176723
