-0.2887523472
-0.2587044537
-0.2337258756
-0.2228828371
-0.2225023061
-0.2219657302
-0.2215332985
-0.2198383063
-0.2136135101
-0.2118335366
-0.2064900696
-0.2027394772
-0.1879267842
-0.1823594421
-0.1813570559
-0.1811197698
-0.1802240759
-0.1717208922
-0.1711207926
-0.167331636
-0.1657088846
-0.1649693251
-0.164406687
-0.1605510265
-0.1587267071
-0.1579366922
-0.157401219
-0.1562746018
-0.1523964405
-0.1503658295
-0.1484502703
-0.1483740807
-0.1471620649
-0.1453315318
-0.1442896426
-0.1437740177
-0.1388851404
-0.1383562833
-0.1383554637
-0.1368984133
-0.1367462277
-0.1345552206
-0.1311806738
-0.1277197897
-0.1250807941
-0.124498345
-0.1234434918
-0.1193090528
-0.1184344217
-0.1161903068
-0.1151091829
-0.1138176173
-0.1129567474
-0.1124188378
-0.1118213534
-0.1109618768
-0.1097538844
-0.109705314
-0.1094476953
-0.1084148064
-0.1077155247
-0.1072453782
-0.1014596298
-0.100422509
-0.100040935
-0.09970138967
-0.09936138242
-0.09784251451
-0.09439948946
-0.09282509238
-0.09262581915
-0.09219089895
-0.09171997756
-0.09153381735
-0.09120519459
-0.0899803564
-0.08740130067
-0.08693380654
-0.08563203365
-0.08325346559
-0.0804726705
-0.07806251943
-0.07663908601
-0.07573118806
-0.07539732754
-0.07413133234
-0.07356412709
-0.07100568712
-0.07064442337
-0.06861582398
-0.06829563528
-0.0645255968
-0.06424667686
-0.06311862916
-0.06155130267
-0.06009273976
-0.05958363414
-0.05838588253
-0.05817818269
-0.0568090789
-0.05635214597
-0.05546340719
-0.05536629632
-0.05287960172
-0.05236055329
-0.05151423067
-0.05142434686
-0.05034904554
-0.05015023053
-0.04669143632
-0.04640235007
-0.04308126494
-0.0425331369
-0.04065150395
-0.04029119387
-0.03854065016
-0.03775324672
-0.03580242395
-0.03574556485
-0.03510159627
-0.03506634384
-0.03328404576
-0.03325195983
-0.03087877668
-0.03086887859
-0.02783348039
-0.02669800445
-0.0263422057
-0.02562978677
-0.02552941255
-0.02544131689
-0.0239049606
-0.02023025975
-0.01690982468
-0.01597950235
-0.01482474245
-0.01460586581
-0.01423477847
-0.01339124888
-0.01304388326
-0.01110878028
-0.01098048687
-0.01061734557
-0.01058256999
-0.01020947564
-0.009084927849
-0.0079666581
-0.007149427198
-0.006449252833
-0.00589981908
-0.005525477696
-0.004774867091
-0.004709413275
-0.003977051005
-0.003801795188
-0.00240688026
-0.002103423467
-0.001164411544
-4.632377022e-05
0.0008231152897
0.001098603709
0.002492765198
0.002574547427
0.002739785239
0.002949774731
0.004537214525
0.004553113598
0.008293799125
0.009118445218
0.01011860743
0.01071172301
0.01155149657
0.01388994418
0.01466421876
0.0147434976
0.01500801649
0.01700463891
0.01801755838
0.01914687268
0.02049130388
0.02108611539
0.02132665552
0.02151802927
0.02221170254
0.02561880462
0.02627799846
0.02682336792
0.02773912996
0.03002132103
0.03062298149
0.03081174567
0.03086729348
0.03189435601
0.03195824847
0.03234865516
0.03272898123
0.03404293582
0.03428715467
0.03525468707
0.03744191676
0.03751498461
0.03844024986
0.04043011367
0.04063071311
0.04105089605
0.04139085114
0.04237054288
0.04488813505
0.04523243383
0.04540580139
0.04833494127
0.0516830422
0.05410635099
0.05411221832
0.05412331969
0.05604954436
0.0571369566
0.05984632671
0.06291101873
0.06307186931
0.07033502311
0.07208477706
0.07219271362
0.07365996391
0.07430025935
0.07441043109
0.07447498292
0.07851350307
0.07900003344
0.08145027608
0.08148995787
0.08199776709
0.0840742588
0.08438071609
0.08700594306
0.08786571026
0.08800722659
0.09199906141
0.092693232
0.0937833488
0.09379917383
0.09403897822
0.1016390696
0.1048604846
0.1109831408
0.1133785024
0.1134943366
0.1160472631
0.1164252236
0.1165000275
0.1172119007
0.1177112386
0.1182955578
0.1197492927
0.120374456
0.1281422526
0.1286474764
0.1309722364
0.1317979842
0.1344121397
0.1373706162
0.1408286542
0.1427913606
0.1466571093
0.1506401449
0.1510996521
0.1513654441
0.1558631808
0.1596032232
0.1617621332
0.16253151
0.1680897027
0.1719220728
0.1741009951
0.1758628786
0.1764139235
0.1784926355
0.1907683909
0.1932076514
0.1940381676
0.1948969215
0.2021850199
0.2026602179
0.2068446875
0.2078497559
0.2115528136
0.2124374211
0.2284857929
0.2322057039
0.2350073606
0.2390680462
0.2441277355
0.2526351511
0.2566438019
0.2640506923
0.2716242969
0.2776089013
0.2792187631
0.2948120236
0.3141218126
