-0.8321015239
-0.8031031489
-0.7921513915
-0.7848930359
-0.7581912279
-0.7551941872
-0.6925203204
-0.6583001614
-0.5713831186
-0.5660712123
-0.5554251075
-0.5536628962
-0.550203383
-0.5458379388
-0.543438375
-0.5417922735
-0.5384249687
-0.5336198211
-0.5324963331
-0.5232893825
-0.5127931833
-0.507381916
-0.5059967637
-0.4971618056
-0.497105062
-0.4966876507
-0.4960444272
-0.4936365485
-0.492235899
-0.4879756272
-0.4875207841
-0.4867626429
-0.4817519188
-0.4741782546
-0.4740024805
-0.4736474752
-0.4702636003
-0.4627557099
-0.4558797479
-0.4507142007
-0.4439482391
-0.4431314766
-0.4427897632
-0.442465663
-0.4378654957
-0.4287375212
-0.4274224937
-0.4237816334
-0.4111457467
-0.4057589471
-0.4044452906
-0.4025208652
-0.4014762938
-0.400711149
-0.4005211294
-0.3979964554
-0.3911188543
-0.3893886507
-0.3893709183
-0.3871378601
-0.3825414777
-0.3818933368
-0.3798974156
-0.3779911995
-0.3765783906
-0.3760633767
-0.372226119
-0.3716261089
-0.3710390627
-0.3701726496
-0.3700974584
-0.369897306
-0.3673508763
-0.3671754897
-0.3659407496
-0.3651534319
-0.3635364771
-0.3597988188
-0.3582628369
-0.3543947935
-0.3540847898
-0.3534043729
-0.350598067
-0.3459255993
-0.3440102339
-0.3425827026
-0.3409026563
-0.3353457749
-0.3350572288
-0.3350239396
-0.3313357532
-0.3282078803
-0.3279578984
-0.3278190792
-0.3248595893
-0.3226619363
-0.3223747313
-0.3192073107
-0.3183721602
-0.3180830181
-0.3154254854
-0.3082307577
-0.3055685461
-0.3050313294
-0.3037396967
-0.3032981753
-0.3026990294
-0.3025535643
-0.299084276
-0.2988495827
-0.2957000434
-0.2953700721
-0.2948466837
-0.2933985889
-0.2871032059
-0.2863258421
-0.2855970562
-0.2853885591
-0.2846263349
-0.2792783976
-0.2774190307
-0.2758797109
-0.2747971416
-0.2742656171
-0.2741653919
-0.2700874209
-0.2692922056
-0.2692315876
-0.268004179
-0.2641535401
-0.2598884106
-0.2596763074
-0.2584631443
-0.2558588088
-0.2542402148
-0.2512879074
-0.2501991987
-0.2496549189
-0.2490222603
-0.2456852198
-0.2448532134
-0.241950348
-0.2407490164
-0.2395384759
-0.2392414808
-0.2377831191
-0.2377814204
-0.2355121821
-0.234083876
-0.233097598
-0.2314295471
-0.2308347821
-0.2297049463
-0.2293645293
-0.2290800363
-0.2288379371
-0.2273356169
-0.2269349694
-0.2266766578
-0.2264305353
-0.2263968885
-0.2259312272
-0.2249767482
-0.2244610041
-0.2238557488
-0.2235407382
-0.2219421566
-0.221656248
-0.2205802351
-0.2195714861
-0.2181989998
-0.2159250081
-0.2157422155
-0.2151626498
-0.213432759
-0.2130454034
-0.2120834887
-0.2116627097
-0.2116571367
-0.2102732509
-0.2082246989
-0.2080444247
-0.2077361196
-0.2075864673
-0.2073772699
-0.2071145326
-0.2056177706
-0.2039332837
-0.2034729719
-0.2031802386
-0.2030890584
-0.2027351707
-0.2003674656
-0.1998202205
-0.1995517015
-0.1990757436
-0.1987094581
-0.1981998384
-0.1974013746
-0.1973922253
-0.1970795095
-0.1962415576
-0.1960674822
-0.1958305687
-0.1945554465
-0.19450216
-0.194393158
-0.1942032725
-0.1939250529
-0.1925828904
-0.1925221682
-0.1925057471
-0.1924000531
-0.1920820773
-0.1919909716
-0.1916400194
-0.1912435442
-0.1908199936
-0.1901792437
-0.1890569627
-0.187580958
-0.186836049
-0.1867060959
-0.1860160977
-0.1855748147
-0.185464561
-0.1853756011
-0.1848485172
-0.1837933511
-0.1837831736
-0.1834316701
-0.1825292706
-0.1823457032
-0.1818388104
-0.1805442572
-0.1805086583
-0.1804709285
-0.1800431758
-0.1797514856
-0.1797348559
-0.1783822626
-0.1780721396
-0.1778547019
-0.1775735021
-0.1766365767
-0.1759919524
-0.175394237
-0.1753526181
-0.1750864387
-0.175078541
-0.17456159
-0.1741477251
-0.1739801317
-0.173791647
-0.1734613925
-0.1728772819
-0.1725774556
-0.1713244021
-0.1712459177
-0.1711746603
-0.1701634228
-0.1692475677
-0.1687826663
-0.1686014235
-0.1679589599
-0.1677635312
-0.1677490026
-0.1674464792
-0.1672118455
-0.1670722067
-0.1667741686
-0.1667115539
-0.166522637
-0.1653586626
-0.1648966819
-0.1645462513
-0.1644336581
-0.163647294
-0.162771821
-0.1626000851
-0.1621668935
-0.1618502587
-0.1617824882
-0.1616101861
-0.1614497155
-0.1608017832
-0.1599662155
-0.1597283483
-0.1583452225
-0.157536909
-0.1571771204
-0.1568893045
-0.1567755193
-0.1557832658
-0.1556167454
-0.1552220583
-0.1551980972
-0.1551782042
-0.1551524997
-0.1549932212
-0.1545128077
-0.153389141
-0.1533869207
-0.1533844769
-0.152790904
-0.1518095732
-0.151321888
-0.1509070843
-0.1508991718
-0.150326997
-0.1502054632
-0.1497610658
-0.1494795531
-0.1489315629
-0.1488085389
-0.1486212164
-0.1484540701
-0.1478450596
-0.1477933079
-0.1477129906
-0.1474652737
-0.1473426372
-0.1467681676
-0.1466749609
-0.1464166343
-0.1462448835
-0.1462316215
-0.1456442177
-0.1456316411
-0.1455532163
-0.1455127299
-0.1452718079
-0.1450023502
-0.1446629614
-0.144550249
-0.1441918015
-0.1441685408
-0.1440034658
-0.1437869072
-0.1435903609
-0.1430256814
-0.1420712322
-0.14192307
-0.1418787241
-0.1413164139
-0.1407800168
-0.1406106055
-0.1402809918
-0.1395795047
-0.1394194514
-0.1392766386
-0.1391889602
-0.1389590204
-0.1386558264
-0.1381676942
-0.1379521489
-0.1379183233
-0.1379134655
-0.1377372742
-0.1372525841
-0.1371187866
-0.1366445422
-0.1365141422
-0.1362617314
-0.1362469792
-0.1358300745
-0.135165751
-0.1349775791
-0.1349664778
-0.1348324567
-0.1347332448
-0.1341123432
-0.1337702572
-0.1333095878
-0.1328340173
-0.1327757984
-0.1320940107
-0.1319720447
-0.1319284439
-0.1307805181
-0.1296132654
-0.1294764876
-0.1283623725
-0.1281847209
-0.1277931333
-0.1271684319
-0.1265070587
-0.1264362633
-0.126238957
-0.1262294054
-0.1254220754
-0.1253563613
-0.12484245
-0.1245762333
-0.1245022938
-0.1244690791
-0.1243558004
-0.1241446435
-0.1240213886
-0.1239519939
-0.1238734201
-0.1238664538
-0.1238154322
-0.1236940399
-0.1236576661
-0.1236395985
-0.1233639345
-0.1231927127
-0.1227242723
-0.1227173358
-0.1224750653
-0.122456409
-0.121825248
-0.1213740632
-0.1213613972
-0.1213555709
-0.1212097853
-0.1200414523
-0.1198688373
-0.1198287085
-0.1196277812
-0.1196062863
-0.1195925996
-0.1195354834
-0.1192976683
-0.1190722734
-0.1190215498
-0.1190081462
-0.1186977029
-0.1185089499
-0.118285127
-0.1179352626
-0.1173352674
-0.1169917434
-0.1168954894
-0.1168791801
-0.1167477593
-0.1165968552
-0.1162870526
-0.1161706597
-0.1160831898
-0.1159000471
-0.115466997
-0.1152582392
-0.114849396
-0.1147270799
-0.1146312878
-0.1145214885
-0.1138110086
-0.1138049513
-0.1137704924
-0.1130754203
-0.1127692685
-0.1126335412
-0.1120227575
-0.1120028868
-0.1116104051
-0.1113601699
-0.1110295206
-0.1104977354
-0.1103685275
-0.1102490425
-0.1099392697
-0.1098918691
-0.1096691117
-0.1092468426
-0.1085071936
-0.1080963388
-0.1079773158
-0.1078053638
-0.1072732732
-0.1067844927
-0.1067491025
-0.1065274402
-0.1063045859
-0.1060467958
-0.1058831736
-0.1058647856
-0.1057370231
-0.1056922749
-0.1056083515
-0.1056079641
-0.105076924
-0.1046343595
-0.1045771167
-0.1045598015
-0.1045031324
-0.1044772193
-0.1043343991
-0.1038758159
-0.1036142632
-0.103461042
-0.1033471748
-0.1033063382
-0.1030756533
-0.102699548
-0.1026655138
-0.1024627462
-0.1023668349
-0.1021097004
-0.1018656492
-0.1015948877
-0.1015779376
-0.10140194
-0.1011204794
-0.1007033065
-0.1005209759
-0.09980170429
-0.09967645258
-0.09959326684
-0.09920772165
-0.09837047756
-0.09823730588
-0.09812627733
-0.09763746709
-0.09721439332
-0.09705220163
-0.09671822935
-0.09659861028
-0.09598518908
-0.09594338387
-0.09589127451
-0.09582400322
-0.09553276747
-0.09522014111
-0.09506051987
-0.09504325688
-0.09479544312
-0.09457997978
-0.09389618039
-0.09375181049
-0.09334756434
-0.09326996654
-0.09323341399
-0.09317203611
-0.09313675016
-0.09313171357
-0.0930410251
-0.09302675724
-0.09282676131
-0.09233627468
-0.09232921898
-0.09191070497
-0.09136945009
-0.09107140452
-0.09099806845
-0.09097805619
-0.0907766372
-0.09065920115
-0.08997546881
-0.08973285556
-0.0894889459
-0.08945203573
-0.08905973285
-0.08890383691
-0.08868823946
-0.08834527433
-0.08833955973
-0.08811879158
-0.08807944506
-0.08799973875
-0.08794810623
-0.08743429184
-0.08736404777
-0.08721000701
-0.08713534474
-0.08705428988
-0.08684881777
-0.08679492027
-0.08669840544
-0.08664000779
-0.08662910759
-0.0866009891
-0.08658432961
-0.08643571287
-0.0863225162
-0.08628793061
-0.08568041772
-0.085492827
-0.08545633405
-0.08536727726
-0.08528247476
-0.08501794934
-0.08501034975
-0.08500768244
-0.08490242809
-0.08482923359
-0.08474220335
-0.08468734473
-0.08441565931
-0.08432398736
-0.08424604684
-0.08421970159
-0.08408719301
-0.08404672891
-0.08403167874
-0.0839144662
-0.08369737118
-0.08361984789
-0.08348419517
-0.08328590542
-0.08311296999
-0.08302734047
-0.08253673464
-0.08244321495
-0.08198832721
-0.08187989146
-0.08170872182
-0.08168039471
-0.08144096285
-0.08117890358
-0.08075950295
-0.08058659732
-0.08024198562
-0.08000090718
-0.07952073961
-0.07926208526
-0.07924353331
-0.07921516895
-0.07921084017
-0.07920006663
-0.07917233557
-0.07910821587
-0.07893428206
-0.07865852863
-0.07852250338
-0.07810306549
-0.07809779048
-0.07807955891
-0.07800545543
-0.07784748077
-0.07771807909
-0.07744126022
-0.07735456526
-0.07727306336
-0.07707352936
-0.07683189213
-0.07654999197
-0.07643812895
-0.07637946308
-0.07620757818
-0.07602591068
-0.07571280003
-0.07554789633
-0.07541892678
-0.07537770271
-0.07519063354
-0.07504278421
-0.07485758513
-0.0747166872
-0.07454260439
-0.07441759109
-0.07437804341
-0.0741944313
-0.07410792261
-0.07401308417
-0.07381885499
-0.07376432419
-0.07373043895
-0.07371762395
-0.07369972765
-0.07338905334
-0.07313255221
-0.07304996252
-0.07296403497
-0.07294496894
-0.07282214612
-0.07271060348
-0.0727032572
-0.07269196957
-0.07268999517
-0.07253816724
-0.07247038931
-0.07244685292
-0.07241202146
-0.07237973064
-0.07236819714
-0.07226298749
-0.07223385572
-0.07211253792
-0.07209941745
-0.07202121615
-0.07200161368
-0.07188135386
-0.07182966173
-0.07178294659
-0.07157661766
-0.07134509087
-0.07129885256
-0.07115957886
-0.07105387002
-0.07104533166
-0.07102297246
-0.07067747414
-0.07063305378
-0.07051952183
-0.07045524567
-0.07034385949
-0.07025800645
-0.07021608204
-0.07013592869
-0.07013259828
-0.07006373256
-0.06999560446
-0.06991428882
-0.06971535087
-0.06955967098
-0.06955696642
-0.06953777373
-0.06942534447
-0.06917887181
-0.06886444241
-0.06879728287
-0.06875636429
-0.06868000329
-0.06867159903
-0.06862270087
-0.06852453202
-0.06837254763
-0.068239443
-0.06809525937
-0.06804634631
-0.06770969927
-0.06749019027
-0.06735244393
-0.06713468581
-0.06707663834
-0.0670170337
-0.0669554323
-0.06688974053
-0.06664497405
-0.06655682623
-0.06650083512
-0.06614587456
-0.06613195688
-0.06587155908
-0.06570101529
-0.06566926092
-0.06564109027
-0.06563346833
-0.06562444568
-0.06560631096
-0.06540478021
-0.06530791521
-0.06525346637
-0.06524267048
-0.0652339533
-0.06516450644
-0.06515425444
-0.06505171955
-0.06495360285
-0.0648406893
-0.06465481222
-0.06464440376
-0.06464379281
-0.06438197196
-0.06429516524
-0.06427890807
-0.06427131593
-0.06423740834
-0.06410788745
-0.06396632642
-0.06336209923
-0.06322706491
-0.06321962923
-0.06319224834
-0.06290680915
-0.06281124055
-0.06276159734
-0.06271754205
-0.06228663772
-0.06227592379
-0.06226413697
-0.06213245913
-0.06199121848
-0.06189725921
-0.0618548952
-0.0617958121
-0.06165474281
-0.06159955263
-0.0614483431
-0.06118670478
-0.06104235351
-0.06062319875
-0.06048317254
-0.06024622545
-0.0598889105
-0.05986901745
-0.05983965099
-0.05973112211
-0.05957876891
-0.05940302834
-0.05935961008
-0.05923536047
-0.0592190139
-0.05916181952
-0.05891013518
-0.05879060179
-0.05867232755
-0.05847645178
-0.05792856589
-0.05784782022
-0.05780255795
-0.05776331201
-0.05769307166
-0.05748586729
-0.05725027248
-0.05725015327
-0.05724856257
-0.05719808117
-0.05718144402
-0.05716449022
-0.05703374743
-0.05696082115
-0.05678180233
-0.05668284371
-0.05661432818
-0.0565064624
-0.05631440133
-0.05619623885
-0.05614984781
-0.05607726052
-0.05594012514
-0.05594007671
-0.05593819916
-0.05591011792
-0.05590033159
-0.05552988499
-0.05513057858
-0.05504604802
-0.05499096215
-0.05474553257
-0.05452724919
-0.05445915088
-0.05423199385
-0.05413236097
-0.05410433188
-0.05384305865
-0.05378462002
-0.05372999609
-0.05369180813
-0.05360051617
-0.05359658226
-0.05359581858
-0.05328898504
-0.05315540731
-0.05304180086
-0.05286620557
-0.05273813009
-0.05273569375
-0.05248409882
-0.052196078
-0.0521210134
-0.05198418349
-0.05187041312
-0.05175029486
-0.05170312524
-0.05162195116
-0.0514787212
-0.05146988854
-0.05143489316
-0.05142112449
-0.05141397938
-0.05136827752
-0.05126319081
-0.05124497041
-0.05117966235
-0.05106950924
-0.05105186999
-0.05066884309
-0.05051340535
-0.05026926845
-0.04994639382
-0.04994487762
-0.04981993511
-0.04961704835
-0.04945957288
-0.04933192953
-0.04929808527
-0.04928275943
-0.04897233844
-0.04896051809
-0.04880562052
-0.04853101075
-0.04851006344
-0.04829156026
-0.04819746688
-0.04812056571
-0.04800547659
-0.04786428064
-0.04778986797
-0.04771432653
-0.04764889553
-0.04748374224
-0.04739177972
-0.04737444967
-0.04735374451
-0.04722983763
-0.04705158621
-0.04696015641
-0.04667748138
-0.04667548463
-0.04653213173
-0.04645748436
-0.04642081633
-0.04622362554
-0.04599077255
-0.04583093151
-0.04572623223
-0.0456517376
-0.0455795154
-0.04557626694
-0.04546250775
-0.04544676468
-0.04512662441
-0.045032911
-0.04498177394
-0.0448958464
-0.04487161338
-0.04473822936
-0.04461532459
-0.04452848434
-0.04449702427
-0.04420695454
-0.04418808222
-0.04417621717
-0.04414340481
-0.04408942163
-0.04403116927
-0.04396615922
-0.04378343374
-0.04341269284
-0.04340714589
-0.04330073297
-0.04324196652
-0.04267463833
-0.04257129878
-0.04246659577
-0.04228394479
-0.04221452773
-0.04214427248
-0.04203805327
-0.04183854908
-0.04182972759
-0.04129538685
-0.0411594063
-0.04106274247
-0.04101374373
-0.04089297727
-0.04086312652
-0.04065848887
-0.0404038392
-0.04038313031
-0.04028787836
-0.03996882215
-0.03976883367
-0.0396668762
-0.03941965103
-0.03937453404
-0.03936123103
-0.03920972347
-0.03911830857
-0.03887004405
-0.0387368612
-0.03867593035
-0.03864149004
-0.0385273397
-0.03851601109
-0.03839084134
-0.03824303672
-0.03792563826
-0.03790326044
-0.03772481903
-0.03750093281
-0.03743941337
-0.03734586015
-0.03723875806
-0.03714741021
-0.03702001274
-0.03679988533
-0.03677491844
-0.03666643426
-0.03649262339
-0.03644129634
-0.03640400991
-0.03637711704
-0.03626626357
-0.03624325246
-0.03610840067
-0.03600111976
-0.03589105606
-0.03554809093
-0.03552074358
-0.0354218483
-0.03540412709
-0.03526559472
-0.0348729305
-0.03486247733
-0.0348572284
-0.03466419503
-0.03461782634
-0.03459400311
-0.03433970362
-0.03427997604
-0.03411220759
-0.03393866867
-0.03393843397
-0.0334771052
-0.03342339024
-0.03318445385
-0.03265727684
-0.03251834586
-0.03241756186
-0.03217097372
-0.03200037405
-0.03184549883
-0.03170758486
-0.03162949905
-0.03147726133
-0.03146634623
-0.03134506568
-0.03098997846
-0.0309735965
-0.03083917871
-0.03068189323
-0.03058452345
-0.03041662835
-0.03025788441
-0.03021800704
-0.02999929525
-0.02957818843
-0.02953067608
-0.02944223024
-0.0293625351
-0.02931553312
-0.02899558842
-0.02881078236
-0.02878019772
-0.02857345156
-0.02853918821
-0.02836255357
-0.02821532637
-0.028164085
-0.02807608061
-0.02805152349
-0.02793614194
-0.02787908912
-0.02776154131
-0.02774852701
-0.0276209861
-0.02758507803
-0.02750198729
-0.02748595737
-0.02748575807
-0.02742962912
-0.02741102129
-0.02734545618
-0.02712974884
-0.02689573914
-0.02671638876
-0.02654565871
-0.02622014843
-0.02590312436
-0.02588126622
-0.02587630413
-0.02562566102
-0.02553049847
-0.02533974126
-0.0250405632
-0.02491948567
-0.024718564
-0.02467586659
-0.02464136109
-0.02445230819
-0.02433889173
-0.02426495776
-0.02407892235
-0.02402219363
-0.02399934269
-0.02397762239
-0.02395555191
-0.02389458008
-0.02361128666
-0.02347124368
-0.02329724655
-0.02323174104
-0.0230873581
-0.02280209027
-0.02256374992
-0.02248901501
-0.0222472474
-0.0220744554
-0.02189613879
-0.02189518698
-0.02176768333
-0.02169018425
-0.02168686129
-0.02157471143
-0.02147729322
-0.02139632404
-0.0213609226
-0.02134848945
-0.02120197564
-0.02117978595
-0.02077118866
-0.02063886076
-0.02056946419
-0.02038102038
-0.02029878274
-0.02016439475
-0.02010977454
-0.02007210627
-0.02001495846
-0.01970377006
-0.01963301003
-0.0192814935
-0.01925834641
-0.01910714991
-0.01910149865
-0.01886319555
-0.01878383756
-0.01875418238
-0.01859245449
-0.01855420135
-0.01852903515
-0.01851917244
-0.01847946271
-0.01825277135
-0.01802566648
-0.01798083447
-0.01794474572
-0.01792026497
-0.01782282442
-0.01771083474
-0.01749574021
-0.01747631654
-0.01729782671
-0.01722481102
-0.01721499301
-0.01667343453
-0.01653109677
-0.016391607
-0.01627114043
-0.01622374728
-0.01608337462
-0.01607244276
-0.01603620499
-0.01601197012
-0.01582119614
-0.01573536359
-0.01555925421
-0.01537641976
-0.0152150942
-0.01519061439
-0.01517777145
-0.01487786137
-0.01486284379
-0.01461011916
-0.01454881486
-0.01448964421
-0.01443025656
-0.01441597845
-0.01422165055
-0.01417045854
-0.01387344114
-0.01384561788
-0.01359148975
-0.01357877441
-0.01357278321
-0.0134050753
-0.01321101282
-0.01319655869
-0.01307130791
-0.01272954885
-0.01264083106
-0.01260714233
-0.01239188761
-0.01182744652
-0.01176505629
-0.01175141707
-0.01166989654
-0.01157967281
-0.01140199881
-0.01125945617
-0.01105088368
-0.01102945022
-0.01097595599
-0.01087034587
-0.01086909603
-0.01080523897
-0.01077525597
-0.01053319406
-0.0104375165
-0.009751643986
-0.009454798885
-0.009450986981
-0.009277364239
-0.009231627919
-0.009120191447
-0.00904861372
-0.009044899605
-0.009041365236
-0.00893595349
-0.008867386729
-0.008762057871
-0.008532197215
-0.008281440474
-0.008089459501
-0.008035859093
-0.007891796529
-0.007863468491
-0.007763555273
-0.007688173559
-0.007635144982
-0.00763403438
-0.007549632341
-0.007544907741
-0.007445538417
-0.007253376301
-0.007248249836
-0.007207997143
-0.00716544548
-0.007110545412
-0.007016989402
-0.006968943868
-0.006799680181
-0.006693666335
-0.006642461754
-0.006580729503
-0.006528738886
-0.0063697109
-0.006355268881
-0.006333071738
-0.006181111094
-0.006066306029
-0.006034511141
-0.006011265796
-0.005999640562
-0.005980445538
-0.005933098495
-0.005801531021
-0.005762623623
-0.005570453592
-0.005160945468
-0.00507386867
-0.004934998229
-0.004785243887
-0.004606549162
-0.004517640918
-0.004408881534
-0.003943502437
-0.003731562756
-0.003725714283
-0.003549039131
-0.00347220921
-0.00328004011
-0.003006206593
-0.002684816718
-0.002640888328
-0.002566321986
-0.002391618676
-0.002356982324
-0.002302612644
-0.002129616216
-0.002112314804
-0.002098465338
-0.002033925382
-0.001569319051
-0.001546209678
-0.001287552179
-0.0009181254427
-0.0008645990747
-0.0007529132999
-0.0004561829264
-0.0004335159028
-0.0003458344727
-0.000239852845
-0.0002336427278
-0.0001716699917
6.466013292e-05
0.0001791698887
0.0002577404084
0.0002890921314
0.0005207376671
0.0005549723865
0.0006989805843
0.0007911002031
0.0007959236391
0.001107094344
0.001190788695
0.001224952401
0.001268637949
0.001316864043
0.001468136907
0.001494942931
0.001533205388
0.001536296913
0.00160338881
0.001627259422
0.001734769787
0.002007940551
0.002104556421
0.002495903289
0.00265160366
0.002676157048
0.002730450127
0.002787688747
0.002882903675
0.002909251722
0.00297422451
0.003079976654
0.003168020863
0.003183742752
0.003270950168
0.003329872154
0.003371258499
0.003623570083
0.00364361098
0.003757007886
0.003775306977
0.004050216172
0.004234091844
0.004240574315
0.004465178587
0.004517334048
0.0045301551
0.004849958699
0.004971681628
0.005015836563
0.00508015044
0.005105726421
0.00510755321
0.005121930502
0.005375472829
0.005809471477
0.006034423131
0.006064224057
0.00609532278
0.006294920575
0.006382951513
0.006527765188
0.006575177424
0.006770770065
0.006902068388
0.007125778589
0.007258813363
0.007581263781
0.00763371354
0.007696718443
0.007754100021
0.007776061539
0.00794037804
0.00794578623
0.008184256032
0.008352233097
0.008522823453
0.008546204306
0.008570355363
0.008570397273
0.008680829778
0.008911726065
0.008955834433
0.009285511449
0.009341036901
0.009592860937
0.009626006708
0.009809688665
0.009884300642
0.009952078573
0.01009597164
0.01030854322
0.01043973863
0.01049395092
0.01070702821
0.01077786181
0.01079364866
0.01083460916
0.01097038481
0.01109215803
0.01136174891
0.01140001602
0.01140896045
0.0114678666
0.01153357793
0.01160270721
0.01161249634
0.01187513396
0.01189085003
0.01193758007
0.01210782304
0.01212697756
0.0123147266
0.01232550759
0.01274688449
0.01282833982
0.0128981946
0.01293649618
0.01299519464
0.01314233709
0.0132240057
0.01329647657
0.01335305441
0.01341110934
0.01348086726
0.01349080261
0.01362868771
0.01392750256
0.01419645827
0.01447153185
0.01463326905
0.0149694467
0.01513148565
0.01519257948
0.01526740193
0.01543877181
0.01546054147
0.01549974084
0.01558071095
0.01562146284
0.01566479728
0.01594868116
0.01598326489
0.01611023024
0.01615252346
0.01616710238
0.01666000672
0.01679653302
0.01692903414
0.01699423976
0.01701946743
0.01705734059
0.01707479544
0.01721079648
0.0176282879
0.01767237484
0.01786840893
0.01831406355
0.01844640821
0.01847152598
0.01850567758
0.01852556132
0.01855079085
0.01860073954
0.01874394901
0.01878312603
0.01890229248
0.0190465413
0.0191133786
0.01917780936
0.01918355003
0.01922971755
0.01925612614
0.01925799251
0.01934622787
0.01939401589
0.01946281269
0.01947846822
0.01951028034
0.01963012852
0.0197510533
0.02009100467
0.02016040869
0.02016444318
0.02034594491
0.02056105249
0.02059692517
0.02075971104
0.02079595998
0.02101142518
0.02111624368
0.02165157348
0.02166533656
0.02169565856
0.02180469781
0.02196077257
0.02200293727
0.02211096883
0.02217401378
0.02243386023
0.02255177125
0.02308550291
0.02312286384
0.02328138798
0.02338251285
0.02348582819
0.02353135869
0.02416392043
0.02426123992
0.02442291938
0.02447405457
0.02454552613
0.02462234907
0.02462895587
0.02464078553
0.02511857636
0.02513144165
0.02513950877
0.02514210902
0.02537539974
0.02548357472
0.02605249733
0.02611465566
0.02612011321
0.02614006214
0.02620768547
0.0262217056
0.02624928579
0.02628688887
0.02638073824
0.02655112371
0.02659152076
0.0268931482
0.0268933326
0.02707694657
0.02710260451
0.02723184787
0.02728163265
0.02770437673
0.02776541933
0.0280954577
0.02814008854
0.02842938341
0.02843652852
0.02844390459
0.02846567705
0.02858812548
0.02867220715
0.02870060876
0.02874970995
0.02905777283
0.02910323441
0.02910934947
0.02912229858
0.02941172943
0.02945584618
0.02947109938
0.02947509475
0.02948117442
0.02971772477
0.02977303974
0.02981428988
0.02993256412
0.030024698
0.03004289418
0.03012338094
0.03012675047
0.03016810864
0.03018775396
0.03028034605
0.03036433831
0.03045110218
0.03052199632
0.03056536615
0.03077319637
0.03078670613
0.0308251325
0.03091404587
0.03110195138
0.03119176999
0.03122424707
0.03145609424
0.03152567893
0.03182296455
0.03214203194
0.03235078231
0.03259329498
0.03261552751
0.03270249069
0.03278790042
0.03289917111
0.03294134513
0.03297120333
0.03317053244
0.03323285654
0.03343747184
0.03350289539
0.03359315172
0.03359416872
0.03396439552
0.03398487344
0.03407081962
0.03409380093
0.03411795571
0.03422765806
0.03443384916
0.03447643667
0.03464817256
0.0347247608
0.03526999801
0.03535714373
0.03538079187
0.03543173894
0.03545294702
0.03550538048
0.03553767875
0.03569250554
0.03579109162
0.03587423638
0.03595021367
0.03595724702
0.03603583574
0.03617097065
0.03648684546
0.0369242616
0.03718593344
0.03723866493
0.03736716136
0.03753805533
0.0376496315
0.03782970831
0.03786244616
0.03790086135
0.03805075958
0.03811421245
0.0381161198
0.03812772781
0.03843082115
0.0384353213
0.03863720596
0.03920320794
0.03922927007
0.03927853703
0.03930243477
0.03938612342
0.03950177506
0.03958405927
0.0396015048
0.03972195461
0.03972655907
0.03979213163
0.03984089941
0.04007368907
0.04008280858
0.04013600945
0.04050705209
0.04083978757
0.04084999859
0.04100801423
0.04109973833
0.04115534946
0.0411753431
0.04118679464
0.04165693745
0.04191372544
0.04197064042
0.04212603346
0.04224944487
0.04252903163
0.04261120781
0.04265545681
0.04268161207
0.04274425283
0.04280894995
0.04303599522
0.04341646284
0.04354152456
0.04365960509
0.04369067401
0.04383373633
0.04387293383
0.04387547448
0.04398651049
0.04407802224
0.04413519427
0.04429705068
0.0444069244
0.04451493174
0.04461343959
0.04486486316
0.04527273029
0.0452920869
0.04544244334
0.0454772301
0.04572089016
0.04579696432
0.04588386789
0.04588766024
0.04590442777
0.04609008506
0.04609819874
0.04652168602
0.04653806612
0.04706847295
0.04712957516
0.04725506529
0.04729287326
0.04743549228
0.04755979776
0.04758384824
0.04765715823
0.04766065255
0.04768043384
0.04768781736
0.04769570008
0.04773235321
0.04783224314
0.04785797
0.04789862037
0.04802824184
0.04835591838
0.04849534854
0.04851578921
0.04852697626
0.04899201915
0.04900051281
0.04903429002
0.04911286756
0.04961434007
0.04962015525
0.0497731939
0.04983069375
0.0502830036
0.05067608133
0.05095245317
0.05099669844
0.05118179321
0.05125789344
0.05126262084
0.05148130655
0.05164490268
0.05176696181
0.05194362253
0.05239664391
0.0524283424
0.05243334547
0.05245953426
0.05248169601
0.05258921161
0.05258927867
0.0526252389
0.0526566878
0.05271435156
0.05319987237
0.05347921699
0.05351706967
0.05356884003
0.05381822586
0.05389956757
0.0540750213
0.05445370451
0.05446138605
0.0544837229
0.05473231524
0.05476726964
0.05486104637
0.05507161468
0.05515355617
0.05546506867
0.05555196851
0.05557332933
0.05562144145
0.05568533018
0.05571403354
0.05604819581
0.05605828762
0.05639414862
0.05641729012
0.05659871176
0.05675816908
0.05681430548
0.05682630092
0.05684010684
0.05709729716
0.05714090914
0.05732870102
0.05737399682
0.05748051777
0.05762509257
0.05765666813
0.05771195143
0.05787822232
0.05809549242
0.05823404714
0.05838858336
0.05865904316
0.05895036086
0.05898797885
0.05902554095
0.05941765755
0.06053362787
0.06054091826
0.06095292419
0.06103319302
0.06121957302
0.06124034896
0.06131447479
0.0613765195
0.06155966222
0.06162503734
0.06203220785
0.06206511706
0.06219260022
0.06224282086
0.06231663376
0.06242336333
0.06247437745
0.06269072741
0.06279243529
0.06289692968
0.06339401752
0.06365067512
0.06388609856
0.06423681229
0.06441580504
0.06442493945
0.06451425701
0.06460625678
0.06465552002
0.06486912817
0.06490982324
0.0653418228
0.06581309438
0.065939188
0.0664852336
0.06660541147
0.06662335247
0.06670083851
0.06685124338
0.06700173765
0.06708677113
0.06709159166
0.06711728871
0.06713315099
0.06728217751
0.06737777591
0.06747375429
0.06751171499
0.06752105057
0.06758956611
0.06764992326
0.06775537133
0.06797697395
0.06805415452
0.06812047958
0.06830535829
0.0683754012
0.0686339736
0.06877139956
0.06886466593
0.06930163503
0.06974744052
0.06977450848
0.06979700923
0.06993755698
0.07007346302
0.07022958249
0.07032525539
0.07041463256
0.07061716169
0.07062742859
0.07064090669
0.07084225118
0.07089608163
0.07126487046
0.07144049555
0.07145154476
0.07168004662
0.07215120643
0.07221699506
0.07227992266
0.07236997038
0.07249074429
0.07280962169
0.07291104645
0.0729624182
0.07344958186
0.07367929816
0.07375265658
0.07400471717
0.07403917611
0.07404940575
0.07420510799
0.07446884364
0.07472775877
0.07474780828
0.07508053631
0.07517234981
0.07573575526
0.07601258904
0.0764914006
0.0765158087
0.07740731537
0.07745208591
0.07748850435
0.07793989033
0.07811088115
0.07811648399
0.07824420929
0.07859454304
0.07910908014
0.07925792038
0.07932897657
0.07949663699
0.07950998843
0.07992454618
0.08007024229
0.08014068007
0.08045323938
0.08088646829
0.08182258159
0.08194904029
0.08198192716
0.0821524933
0.08230003715
0.08241535723
0.0826805681
0.08287283778
0.08296970278
0.08319366723
0.083236821
0.08327713609
0.08329042792
0.08357790112
0.08400336653
0.08418893814
0.08428548276
0.08438420296
0.08443808556
0.08452510089
0.08474314958
0.08491092175
0.08528422564
0.08563030511
0.08629377186
0.08661594987
0.08670882881
0.08683336526
0.08693576604
0.08696446568
0.08732300997
0.08732451499
0.08778809011
0.08780810982
0.08784602582
0.08785910904
0.08811362088
0.08835879713
0.08846991509
0.08855528384
0.08890528977
0.08896057308
0.08907609433
0.08913565427
0.0894452557
0.08946447074
0.08968983591
0.08977674693
0.08982544392
0.0901170224
0.09019688517
0.09027434886
0.09041702002
0.09049641341
0.09062032402
0.09071865678
0.09113670886
0.0912707001
0.09220612794
0.09258523583
0.09279242158
0.09281099588
0.09284667671
0.09284698963
0.09306448698
0.09316162765
0.09320608526
0.09346618503
0.09351037443
0.09369053692
0.09378619492
0.09397146106
0.09449351579
0.09449678659
0.09461426735
0.094665654
0.09486105293
0.09488586336
0.09498861432
0.095124349
0.09528234601
0.09529341012
0.09530361742
0.09599067271
0.0960726738
0.09653767198
0.09669521451
0.0971916467
0.09723781794
0.09756501764
0.09837608784
0.09841346741
0.09881114215
0.09881271422
0.09888219088
0.09900730848
0.09998255223
0.1004168093
0.1004657596
0.1004829481
0.100602746
0.100852862
0.1009508371
0.1012929752
0.1017223224
0.1017515436
0.1022541448
0.1024966389
0.1035363674
0.1038557366
0.103873685
0.104222469
0.1042254865
0.1043344662
0.1043722779
0.1046492383
0.1049118787
0.1054132879
0.1057223529
0.1057843044
0.1058250964
0.1061764508
0.1062664539
0.1064952463
0.1066907495
0.106760323
0.1068280935
0.1070809513
0.1071188077
0.1072307527
0.1076665223
0.1077139229
0.1077395007
0.1077954099
0.1080272719
0.1081991792
0.1082391441
0.1082812324
0.1087761521
0.1087921187
0.1088891029
0.1091577336
0.1095304713
0.1096084714
0.1096922383
0.1099639535
0.110283047
0.1104410961
0.1105584577
0.1105646417
0.1106526479
0.1109100208
0.1109201312
0.110982202
0.1113536879
0.1116825491
0.1118210554
0.112030454
0.1125031412
0.1128074378
0.1140021831
0.1140578985
0.1140734255
0.1142283231
0.1144226044
0.1144326106
0.1149574518
0.1149960682
0.1152675152
0.1154930964
0.1155190021
0.1161240116
0.1164198667
0.1165073663
0.116509296
0.1166427284
0.1167320237
0.1168419421
0.1170631722
0.117226392
0.1172945723
0.1173903793
0.1174953058
0.1175670922
0.1178239211
0.1178757995
0.1180859357
0.1184294447
0.1187011376
0.118755646
0.1190319061
0.1200067028
0.1201083586
0.1203221306
0.1211625114
0.1212170199
0.1213036478
0.121450223
0.1216151267
0.1218890697
0.1220790744
0.1222334951
0.1223591268
0.1224805638
0.1227081344
0.123699896
0.1241153255
0.1241428107
0.1244316474
0.1248646677
0.1248673648
0.1254083812
0.1254448742
0.1260644197
0.1261827648
0.1263618469
0.1274255961
0.1275541931
0.1283091754
0.1292274594
0.1293093115
0.1297232658
0.129941076
0.1303299665
0.1304113418
0.1307943314
0.1313468963
0.1316503435
0.1318994015
0.1320979744
0.1324403882
0.1329448521
0.1330290288
0.1334367245
0.133527711
0.1339190751
0.1341083199
0.1342622489
0.1345259398
0.1349140257
0.1357426941
0.1371474415
0.1372153163
0.1375242025
0.1384022236
0.1384101957
0.1385037899
0.1389475465
0.1399411559
0.1400376111
0.1400523633
0.1401882917
0.140501529
0.1406617463
0.1411899477
0.1412485689
0.1413913965
0.1424437612
0.1428307444
0.143167153
0.1432724595
0.1433148831
0.1436013728
0.1436224729
0.1437637359
0.1438233554
0.143827498
0.1445941031
0.1447969675
0.1450261772
0.1452250183
0.1457231343
0.1465184093
0.146603629
0.1470015794
0.1471709013
0.1471739709
0.1472250521
0.1472739726
0.1477248967
0.147761032
0.1477723122
0.1479512602
0.1485515982
0.1503321975
0.1509821862
0.1514711678
0.151499033
0.151894033
0.1519878209
0.1523345411
0.1528690308
0.1531907022
0.1534869224
0.1536549926
0.1538403481
0.1538580358
0.1542632431
0.1545808613
0.1558646858
0.1560287178
0.1561723351
0.156212315
0.1562682986
0.1585069299
0.1586578041
0.1589269936
0.1593133956
0.1600237638
0.1605409384
0.1606775075
0.1620215625
0.1620446295
0.1627172232
0.1629547328
0.1630427986
0.1632753015
0.1633690745
0.1634748131
0.1635611653
0.1639615446
0.1644652635
0.1646341681
0.1647961736
0.1657812744
0.1659321487
0.1669419706
0.1676085442
0.1679401696
0.1680381596
0.1680904329
0.1683063358
0.1684452593
0.1687895209
0.1689113379
0.1690689027
0.1692937464
0.1696086377
0.1714214087
0.1720436364
0.1723963469
0.1724085808
0.1724294871
0.1724767983
0.1737033278
0.1741081625
0.174615398
0.1749574095
0.175092414
0.1754848808
0.1762112081
0.1763005704
0.1763028055
0.1765192896
0.1772323996
0.1772443354
0.1789215207
0.180064261
0.1800975502
0.1807864159
0.1814028174
0.1814296842
0.1834610999
0.18396312
0.1853059232
0.1856216639
0.1859170198
0.187326327
0.1875154823
0.1880930811
0.1882532537
0.1887811124
0.1891234517
0.1891951263
0.189431563
0.1894881129
0.1896708757
0.1905432045
0.1909775883
0.1913625449
0.1921895444
0.192886889
0.1931438744
0.1947021186
0.1947462261
0.1952241063
0.1954496652
0.1956287324
0.1959294677
0.1962995082
0.1970841885
0.1988753378
0.1993235648
0.1994449943
0.1995570362
0.1999593675
0.2003203034
0.2021363378
0.2030072063
0.2032441497
0.2035725266
0.2037689239
0.2040569633
0.2042816728
0.2048046291
0.2055224478
0.2060590535
0.2066328973
0.206718564
0.2072144449
0.2075428814
0.2075665444
0.2082561553
0.2087086886
0.2094368786
0.2122361809
0.2126184106
0.2130217701
0.213568598
0.2155380249
0.216434136
0.2171843946
0.2174249887
0.2184065729
0.2195769399
0.2197455019
0.2206126153
0.2212630212
0.2223615646
0.22449027
0.2250291407
0.2255298197
0.226520285
0.2273517251
0.2276424021
0.2286406457
0.2288119346
0.2327414751
0.2327865809
0.2329566926
0.2362564504
0.2363600284
0.2395262271
0.2415945977
0.2425395995
0.2426631302
0.2437014878
0.2437527478
0.2442595512
0.2462155372
0.247485593
0.2490949482
0.2507221103
0.2511463463
0.2515310347
0.2524762154
0.2527160645
0.2534615695
0.2585320473
0.2587077916
0.2597708404
0.2612502277
0.2616135478
0.261792928
0.263774544
0.2638517618
0.2703379393
0.2717359364
0.2760613561
0.2793135345
0.2795812786
0.2832292318
0.2832983136
0.2878549397
0.2928765714
0.2961975336
0.2971438468
0.2987852395
0.2997406125
0.3018788099
0.3029184639
0.3039540946
0.3138301671
0.3153106868
0.3158076704
0.3171764314
0.3209122121
0.3214793205
0.3365826607
0.337256074
0.3381724954
0.341365993
0.3432460427
0.3449957669
0.3560221493
0.3585016131
0.3592140079
0.359580487
0.3684785962
0.4020971954
0.4087353647
