-0.8564990163
-0.7985649705
-0.7353519797
-0.6621850133
-0.6462450027
-0.6415079832
-0.6368839741
-0.6245980263
-0.5750319958
-0.5620790124
-0.5398259759
-0.5357149839
-0.5338370204
-0.5239539742
-0.5211920142
-0.5183150172
-0.5062850118
-0.5054939985
-0.5007309914
-0.4918830097
-0.4884240031
-0.4882580042
-0.4821060002
-0.4783560038
-0.4781199992
-0.4704029858
-0.4673629999
-0.4648349881
-0.4592230022
-0.4502150118
-0.4397720098
-0.4359149933
-0.4347780049
-0.4322040081
-0.4318040013
-0.4268139899
-0.4173919857
-0.416918993
-0.4146650136
-0.4140509963
-0.4108659923
-0.4089309871
-0.4061670005
-0.4061309993
-0.403914988
-0.4036310017
-0.4030849934
-0.4016929865
-0.4014439881
-0.4012829959
-0.3973880112
-0.3971970081
-0.3970269859
-0.3960500062
-0.394122988
-0.3925510049
-0.3907389939
-0.3902780116
-0.3897260129
-0.3895829916
-0.3889130056
-0.3886210024
-0.3879950047
-0.3864299953
-0.3863509893
-0.385096997
-0.3848820031
-0.3807890117
-0.3800790012
-0.3790670037
-0.3788039982
-0.3787559867
-0.3783960044
-0.3760629892
-0.3723140061
-0.3710820079
-0.3708499968
-0.3695740104
-0.3673669994
-0.3626039922
-0.3612760007
-0.3596239984
-0.3584299982
-0.3583210111
-0.3580499887
-0.3576990068
-0.3565340042
-0.3562699854
-0.3559240103
-0.3514159918
-0.3513500094
-0.3498980105
-0.3498179913
-0.3482820094
-0.3476110101
-0.3473939896
-0.3470659852
-0.3436689973
-0.339684993
-0.3396759927
-0.3391390145
-0.3389619887
-0.3352769911
-0.3350169957
-0.3333230019
-0.3322120011
-0.3306190073
-0.3300479949
-0.3283559978
-0.326887995
-0.3255290091
-0.3254800141
-0.3234550059
-0.321803987
-0.3201830089
-0.3193230033
-0.3192690015
-0.3189719915
-0.3187319934
-0.3182190061
-0.3169650137
-0.3166779876
-0.315120995
-0.3141849935
-0.3141559958
-0.3137489855
-0.3093050122
-0.3084949851
-0.3068430126
-0.3066450059
-0.3066299856
-0.3065649867
-0.3061830103
-0.3044860065
-0.3031300008
-0.3017219901
-0.3013759851
-0.2989639938
-0.2983489931
-0.2976340055
-0.2968010008
-0.2955009937
-0.2901949883
-0.2888520062
-0.2876549959
-0.2872599959
-0.2863160074
-0.286033988
-0.2846809924
-0.2846800089
-0.2839460075
-0.283562988
-0.2834460139
-0.2819339931
-0.2814059854
-0.2797589898
-0.2797299922
-0.2779650092
-0.2777070105
-0.2765539885
-0.2761150002
-0.2757160068
-0.2755889893
-0.2746210098
-0.2741839886
-0.2741189897
-0.2738310099
-0.2734079957
-0.2729740143
-0.2727479935
-0.2722930014
-0.2719379961
-0.2716700137
-0.2715420127
-0.2711069882
-0.2697980106
-0.2697710097
-0.2696759999
-0.2693110108
-0.2692280114
-0.2686249912
-0.2669149935
-0.2652539909
-0.264775008
-0.2644540071
-0.263583988
-0.2631190121
-0.2631089985
-0.2629350126
-0.2627409995
-0.2626920044
-0.2621259987
-0.2615649998
-0.2613790035
-0.2594990134
-0.2593159974
-0.258769989
-0.2575339973
-0.2569330037
-0.2568370104
-0.2562470138
-0.2542890012
-0.2535209954
-0.2535189986
-0.2524870038
-0.2523899972
-0.251601994
-0.2503179908
-0.2498379946
-0.2496780008
-0.249443993
-0.2494100034
-0.2487560064
-0.2482450008
-0.2466039956
-0.2462089956
-0.2443670034
-0.2442969978
-0.2434049994
-0.2431689948
-0.2407899946
-0.2402819991
-0.2398220003
-0.2396969944
-0.2391889989
-0.2389300019
-0.2384469956
-0.237608999
-0.2375199944
-0.2365610003
-0.2364770025
-0.235532999
-0.2348130047
-0.2339259982
-0.2336139977
-0.2327039987
-0.2326720059
-0.2322439998
-0.2320819944
-0.2317730039
-0.2304690033
-0.2304439992
-0.2298180014
-0.2275269926
-0.2275220007
-0.2251569927
-0.2248959988
-0.2245139927
-0.2241210043
-0.2229959965
-0.2227980047
-0.2225790024
-0.2224439979
-0.2219990045
-0.2211710066
-0.2207310051
-0.2203249931
-0.2201980054
-0.2195760012
-0.2194570005
-0.2187480032
-0.2175029963
-0.2174759954
-0.2166420072
-0.2159010023
-0.2154199928
-0.2150730044
-0.2147459984
-0.2143249959
-0.2134809941
-0.2129459977
-0.2125449926
-0.2120459974
-0.2116699964
-0.2109919935
-0.2106239945
-0.2099959999
-0.2099339962
-0.2079560012
-0.207844004
-0.2074819952
-0.2073960006
-0.2073879987
-0.2057110071
-0.2056840062
-0.2055590004
-0.2052959949
-0.205152005
-0.2051279992
-0.204282999
-0.2040880024
-0.2031159997
-0.2030079961
-0.2029580027
-0.2029500008
-0.2026530057
-0.2023809999
-0.2023130059
-0.2014289945
-0.2013500035
-0.2006720006
-0.2006530017
-0.2002120018
-0.198834002
-0.1985049993
-0.1981399953
-0.1980859935
-0.1975699961
-0.1975339949
-0.1971320063
-0.1958499998
-0.1950449944
-0.1948699951
-0.1947430074
-0.1943359971
-0.1940920055
-0.1940920055
-0.1939229965
-0.1938370019
-0.1933860034
-0.193347007
-0.1932770014
-0.1930589974
-0.1929250062
-0.1929049939
-0.1925790012
-0.1922529936
-0.1922149956
-0.1921080053
-0.1914899945
-0.191425994
-0.1913180053
-0.1908829957
-0.1907780021
-0.1897689998
-0.1893160045
-0.1892540008
-0.1891240031
-0.1885920018
-0.1873680055
-0.1870490015
-0.1866780072
-0.1853609979
-0.1847449988
-0.1844190061
-0.1843069941
-0.1832150072
-0.1832039952
-0.183089003
-0.1823610067
-0.1808750033
-0.1808640063
-0.1807869971
-0.1806409955
-0.1805330068
-0.1800930053
-0.1795309931
-0.1794009954
-0.1788299978
-0.1786050051
-0.1785259992
-0.178391993
-0.1783819944
-0.1775570065
-0.1774639934
-0.1773750037
-0.1759649962
-0.1759160012
-0.1741909981
-0.173793003
-0.1737450063
-0.1736969948
-0.1735389978
-0.172875002
-0.1726499945
-0.1721899956
-0.1719450057
-0.1717180014
-0.1705279946
-0.1699620038
-0.1694840044
-0.1692589968
-0.169017002
-0.1690140069
-0.1690039933
-0.1685969979
-0.1684390008
-0.1684180051
-0.1682740003
-0.1681299955
-0.1680479944
-0.1675859988
-0.1656640023
-0.1653050035
-0.165237993
-0.1644520015
-0.1640270054
-0.1638090014
-0.1636209935
-0.1622889936
-0.1622149944
-0.1608970016
-0.1595840007
-0.1591899991
-0.1591009945
-0.1588660032
-0.1583710015
-0.1575340033
-0.1574379951
-0.1574060023
-0.1563349962
-0.1561069936
-0.1557630002
-0.1555249989
-0.1553950012
-0.1552000046
-0.1545770019
-0.1539800018
-0.153501004
-0.1530209929
-0.1529400051
-0.1529300064
-0.1528300047
-0.1526030004
-0.1518889964
-0.1516080052
-0.151473999
-0.151244998
-0.151244998
-0.150891006
-0.1508270055
-0.1506170034
-0.1503009945
-0.150101006
-0.1500529945
-0.1497700065
-0.1494410038
-0.149364993
-0.1488900036
-0.1487199962
-0.148635
-0.1482169926
-0.1482030004
-0.1478970051
-0.147735998
-0.147115007
-0.1467790008
-0.1466600001
-0.1466500014
-0.1463609934
-0.1463560015
-0.1458410025
-0.1456719935
-0.1455000043
-0.1451790035
-0.1451559961
-0.1446090043
-0.1444160044
-0.1442829967
-0.1440290064
-0.1438439935
-0.1438219994
-0.1418700069
-0.1417219937
-0.1412120014
-0.140019998
-0.1387200058
-0.1384209991
-0.1381980032
-0.1381440014
-0.1379320025
-0.1378320009
-0.137668997
-0.1369079947
-0.1366849989
-0.1362770051
-0.1362619996
-0.1354530007
-0.1351909935
-0.1351850033
-0.134495005
-0.134491995
-0.1342989951
-0.1338839978
-0.1338240057
-0.1332010031
-0.1329980046
-0.1327600032
-0.1327349991
-0.1326510012
-0.1322299987
-0.1319970042
-0.1317580044
-0.1316969991
-0.1316760033
-0.1315599978
-0.1313190013
-0.1312679946
-0.1311759949
-0.1300289929
-0.1294309944
-0.1293669939
-0.1291300058
-0.1288309991
-0.1284810007
-0.1284680068
-0.1279309988
-0.1273529977
-0.1267739981
-0.1264519989
-0.1251730025
-0.1251499951
-0.1250839978
-0.1250309944
-0.1245289966
-0.1240250021
-0.1239069998
-0.1235869974
-0.1234730035
-0.123333998
-0.1227020025
-0.1223139986
-0.1218260005
-0.1217840016
-0.1210739985
-0.1208999977
-0.1206910014
-0.1198230013
-0.1197919995
-0.1195949987
-0.119303003
-0.1192170009
-0.1190230027
-0.118952997
-0.1189099997
-0.118813999
-0.1183980033
-0.118290998
-0.1178089976
-0.1176289991
-0.1174879968
-0.1173119992
-0.1173110008
-0.1171270013
-0.1169959977
-0.1169880033
-0.1165179983
-0.1163299978
-0.1160480008
-0.1158780009
-0.1154439971
-0.1147430018
-0.1146479994
-0.1144509986
-0.1142209992
-0.1141799986
-0.1141240001
-0.1140130013
-0.1136540025
-0.1134120002
-0.1133909971
-0.1129309982
-0.1126609966
-0.1126110032
-0.1124640033
-0.1122440025
-0.1114410013
-0.1112430021
-0.110946998
-0.110799998
-0.1106899977
-0.1105270013
-0.1104890034
-0.110003002
-0.1099580005
-0.1095229983
-0.1093360037
-0.1092789993
-0.1091570035
-0.1089629978
-0.1088699996
-0.1087549999
-0.1086999997
-0.1084880009
-0.1083299965
-0.1076060012
-0.1075519994
-0.1074870005
-0.1068900004
-0.1067060009
-0.1066590026
-0.1065680012
-0.105765
-0.1056199968
-0.105599001
-0.1055120006
-0.1053199992
-0.1050679982
-0.1041319966
-0.1040920019
-0.104061
-0.1038289964
-0.1036529988
-0.1036060005
-0.1034720019
-0.1034390032
-0.1032140031
-0.1031169966
-0.102907002
-0.1027510017
-0.1026830003
-0.1025990024
-0.1024750024
-0.1023999974
-0.1023349985
-0.101522997
-0.1014159992
-0.1013619974
-0.1007969975
-0.1005330011
-0.1002629995
-0.1001330018
-0.09998390079
-0.09965649992
-0.09961310029
-0.09956470132
-0.09954030067
-0.0992693007
-0.09918989986
-0.09908889979
-0.09907779843
-0.09882260114
-0.09864690155
-0.09859280288
-0.09810400009
-0.09786110371
-0.09724669904
-0.09659469873
-0.09582129866
-0.09524810314
-0.09497389942
-0.09475149959
-0.09446209669
-0.09440159798
-0.09425140172
-0.09417299926
-0.09413240105
-0.09314130247
-0.09314069897
-0.09289240092
-0.09275790304
-0.0920528993
-0.09147159755
-0.09144029766
-0.091392003
-0.0909864977
-0.09061799943
-0.09045770019
-0.09036110342
-0.09028980136
-0.09024330229
-0.08999860287
-0.08994819969
-0.08993840218
-0.08980070055
-0.0895100981
-0.08949159831
-0.08948670328
-0.08898119628
-0.08885069937
-0.0887664035
-0.08790440112
-0.08782339841
-0.08757539839
-0.0874627009
-0.08744730055
-0.08734309673
-0.0872791037
-0.08699250221
-0.08675889671
-0.08650519699
-0.08642079681
-0.08573029935
-0.08562909812
-0.08541189879
-0.08535210043
-0.08424930274
-0.08421940356
-0.08387009799
-0.0837700963
-0.08356259763
-0.08341380209
-0.08340059966
-0.08327010274
-0.08299840242
-0.08291769773
-0.08287479728
-0.08269689977
-0.08217760175
-0.08215939999
-0.08184300363
-0.08183279634
-0.08174580336
-0.08168250322
-0.08154360205
-0.08137899637
-0.08132489771
-0.08124239743
-0.08107200265
-0.08088780195
-0.08052390069
-0.08002849668
-0.07932849973
-0.07929380238
-0.07928720117
-0.07911240309
-0.07908710092
-0.07907260209
-0.07884790003
-0.0787808001
-0.07765270025
-0.0774846971
-0.07733350247
-0.07706040144
-0.07698349655
-0.07663849741
-0.0761744976
-0.07614889741
-0.07599619776
-0.07573880255
-0.07573270053
-0.07572919875
-0.07545129955
-0.07528849691
-0.07524099946
-0.0748995021
-0.07462520152
-0.07460830361
-0.07373619825
-0.07322710007
-0.07307139784
-0.07304680347
-0.07302360237
-0.0728603974
-0.07281719893
-0.0725928992
-0.07232739776
-0.07204619795
-0.07203380018
-0.07181420177
-0.07176929712
-0.07146760076
-0.07133749872
-0.07128930092
-0.07120539993
-0.0711133033
-0.07109589875
-0.07109230012
-0.0710863024
-0.07099939883
-0.07052409649
-0.07051689923
-0.07031220198
-0.07015059888
-0.06993050128
-0.06989590079
-0.06958209723
-0.06934589893
-0.06929709762
-0.06919080019
-0.06918559968
-0.06892160326
-0.06873930246
-0.06864950061
-0.0684420988
-0.06813889742
-0.06806500256
-0.06791739911
-0.06789299846
-0.06719239801
-0.06675119698
-0.06661500037
-0.06639429927
-0.06582509726
-0.06577180326
-0.06490319967
-0.06475110352
-0.06461679935
-0.06346330047
-0.06320290267
-0.06320229918
-0.06305730343
-0.06296300143
-0.06291119754
-0.06280560046
-0.06260160357
-0.06247439981
-0.06228090078
-0.06210619956
-0.0614218004
-0.06137309968
-0.06125999987
-0.0611661002
-0.0611240007
-0.06088079885
-0.06085830182
-0.06079990044
-0.06079560146
-0.06041159853
-0.06026909873
-0.06008629873
-0.05992579833
-0.05982879922
-0.05975110084
-0.05965260044
-0.0596517995
-0.0596100986
-0.0593223013
-0.05883859843
-0.05872249976
-0.05850460008
-0.05840620026
-0.05833600089
-0.05824320018
-0.05818179995
-0.05767229944
-0.05712940171
-0.0571247004
-0.0571190007
-0.05710430071
-0.05671570078
-0.05660979822
-0.05656519905
-0.05645899847
-0.05645469949
-0.05626219884
-0.05594120175
-0.05592700094
-0.05570289865
-0.05548390001
-0.05544700101
-0.05513549969
-0.05497289822
-0.05482950062
-0.05422950163
-0.05393949896
-0.05388950184
-0.05380050093
-0.05378400162
-0.05371779948
-0.05356999859
-0.05338830128
-0.05312319845
-0.05291879922
-0.05241920054
-0.05211750045
-0.0517896004
-0.05173020065
-0.05166609958
-0.05149940029
-0.05143079907
-0.0511777997
-0.05101659894
-0.05080449954
-0.0507629998
-0.05048210174
-0.05015359819
-0.05006369948
-0.04987239838
-0.04979459941
-0.04977209866
-0.04964239895
-0.04963300005
-0.04957339913
-0.04933860153
-0.04916580021
-0.04909799993
-0.04902330041
-0.04873429984
-0.04872610047
-0.04866020009
-0.0483860001
-0.04824019969
-0.04799029976
-0.04793279991
-0.04793220013
-0.04785839841
-0.04780039936
-0.04772850126
-0.04763799906
-0.04757539928
-0.0475714989
-0.04733280092
-0.04715500027
-0.04701210186
-0.04699309915
-0.04683269933
-0.04682929814
-0.0468201004
-0.04668939859
-0.04657199979
-0.04648720101
-0.04624680057
-0.04600169882
-0.04593459889
-0.04578540102
-0.04578420147
-0.04577440023
-0.04563099891
-0.04559630156
-0.04548029974
-0.04545789957
-0.04545589909
-0.04503240064
-0.04500630125
-0.04491889849
-0.04486430064
-0.04432360083
-0.04426620156
-0.04421839863
-0.04412589967
-0.04409420118
-0.04404050112
-0.04384040087
-0.04372189939
-0.04370469972
-0.04351039976
-0.04350519925
-0.04349099845
-0.04335530102
-0.04318679869
-0.04310639948
-0.04304460064
-0.042936299
-0.04260100052
-0.04225730151
-0.04220319912
-0.04218180105
-0.0420062989
-0.04176430032
-0.04169629887
-0.04162430018
-0.0414579995
-0.04140939936
-0.04113949835
-0.04107600078
-0.04088290036
-0.04086370021
-0.04063760117
-0.0401549004
-0.03993440047
-0.03982190043
-0.03982049972
-0.03954179958
-0.03953240067
-0.03939370066
-0.03930079937
-0.03908779845
-0.03896490112
-0.03895679861
-0.03853249922
-0.03852270171
-0.03797819838
-0.03781789914
-0.03781719878
-0.03778479993
-0.03770310059
-0.03753050044
-0.03734289855
-0.03701930121
-0.03654130176
-0.03641559929
-0.03640320152
-0.03630460054
-0.03627980128
-0.03625680134
-0.03615349904
-0.03604359925
-0.03603560105
-0.0360006988
-0.03551210091
-0.03550820053
-0.03529889882
-0.03502640128
-0.03481769934
-0.03460500017
-0.03435349837
-0.03428990021
-0.03416040167
-0.03414740041
-0.03412409872
-0.03397959843
-0.03395019844
-0.03385309875
-0.03378260136
-0.03371600062
-0.03360280022
-0.03356010094
-0.03350879997
-0.03316710144
-0.03292329982
-0.0328538008
-0.03271630034
-0.03257190064
-0.03252879903
-0.03228610009
-0.03219069913
-0.03218689933
-0.03205620125
-0.03182689846
-0.03150549904
-0.03112390079
-0.03108840063
-0.03080759943
-0.03079739958
-0.0307953991
-0.03071589954
-0.03064589947
-0.03047869913
-0.03040260077
-0.03034660034
-0.03029010072
-0.03013510071
-0.02997229993
-0.02988060005
-0.02975000069
-0.02941500023
-0.02933459915
-0.02882580087
-0.02881629951
-0.02872150019
-0.02827369981
-0.02814440057
-0.02790509909
-0.02788439952
-0.02770509943
-0.0275810007
-0.02746059932
-0.02714619972
-0.02688210085
-0.02680760063
-0.02673310041
-0.02662790008
-0.02648399957
-0.02627559938
-0.02616029978
-0.02610040084
-0.02581289969
-0.0258109998
-0.02542800084
-0.02522850037
-0.02484989911
-0.02464950085
-0.02449480072
-0.02438499965
-0.02406590059
-0.0239198003
-0.02387039922
-0.02378129959
-0.02377299964
-0.0236952994
-0.02344449982
-0.02340129949
-0.02339719981
-0.02332730033
-0.02313439921
-0.02302890085
-0.02287540026
-0.02277329937
-0.02250380069
-0.02249049954
-0.02247199975
-0.02242089994
-0.0223542992
-0.02234799974
-0.02228740044
-0.02228439972
-0.02212359942
-0.02189709991
-0.02189240046
-0.02189069986
-0.02154890075
-0.02129640058
-0.02122160047
-0.02114349976
-0.02112489939
-0.02109559998
-0.02105399966
-0.02103129961
-0.02098969929
-0.02098749951
-0.02066620067
-0.02052110061
-0.02030449919
-0.02001079917
-0.01992220059
-0.01987669989
-0.01985600032
-0.01974329911
-0.01973439939
-0.01964909956
-0.01964869909
-0.01964280009
-0.01903419942
-0.01854160056
-0.01848389953
-0.01847030036
-0.0179491993
-0.01784880087
-0.01709209941
-0.01699420065
-0.01682350039
-0.01679369994
-0.01668269932
-0.01650460064
-0.01644909941
-0.01643010043
-0.01583730057
-0.01573579945
-0.01557719987
-0.0155547997
-0.01523500029
-0.01520510018
-0.01511009969
-0.0149442004
-0.01491090003
-0.01489270013
-0.01483299956
-0.01480850019
-0.01462890022
-0.01458430011
-0.01436179969
-0.01417659968
-0.01415340044
-0.01412480045
-0.01394909993
-0.01387580018
-0.01381979976
-0.0137668997
-0.01374979969
-0.01372299995
-0.01350949984
-0.01348880026
-0.01342349965
-0.01328280009
-0.01320440043
-0.01319839992
-0.01316739991
-0.01258370001
-0.01231919974
-0.01217989996
-0.01212269999
-0.01207690034
-0.0117106
-0.0116430996
-0.01154730003
-0.0113752
-0.01133900043
-0.01127280015
-0.0112289004
-0.01108760014
-0.01086740009
-0.01084799971
-0.01080519985
-0.01070140023
-0.01025910024
-0.009894159622
-0.009875469841
-0.009732710198
-0.009664430283
-0.009535400197
-0.009448819794
-0.009441509843
-0.008878320456
-0.008661660366
-0.008590860292
-0.008553939871
-0.008533109911
-0.008503369987
-0.008440540172
-0.008371819742
-0.008112030104
-0.008067440242
-0.008025039919
-0.008020089939
-0.007036029827
-0.006935149897
-0.006691339891
-0.00653020991
-0.006506979931
-0.006141600199
-0.006140360143
-0.006060020067
-0.005986330099
-0.005832590163
-0.005772139877
-0.005740560126
-0.005594720133
-0.005230989773
-0.005207269918
-0.005103690084
-0.00494414987
-0.004933159798
-0.004769150168
-0.004757999908
-0.004748010077
-0.004472860135
-0.004402549937
-0.004191460088
-0.004119949881
-0.003730899887
-0.00310045993
-0.00308547006
-0.002981310012
-0.002908410039
-0.002373469993
-0.001950480044
-0.001761169988
-0.001462799963
-0.00133971998
-0.00118250004
-0.001094750012
-0.0009508879739
-0.000786990975
-0.0006063720211
-0.0005972089712
-0.0005639960291
-0.0005236989819
-0.0004531359882
-0.0001833849965
-1.316380008e-06
5.915590009e-05
6.681700324e-05
0.0001000569973
0.0001823039929
0.0003530989925
0.000590814976
0.0006135239964
0.0008679860039
0.0009753109771
0.001253959956
0.00140203
0.002010300057
0.002363440115
0.002368350048
0.002451050095
0.002651520073
0.00283497991
0.00283586001
0.002869969932
0.003323629964
0.003386949887
0.003489899915
0.003541660029
0.004711830057
0.004721669946
0.004733849782
0.005010200199
0.005017039832
0.005064660218
0.005273689982
0.005421860144
0.005429049954
0.005639050156
0.005699289963
0.005859000143
0.005964410026
0.006020039786
0.006145560183
0.00633163983
0.006539510097
0.00662257988
0.006728540175
0.006795910187
0.006860469934
0.006877949927
0.006929949857
0.007010830101
0.007052490022
0.007101309951
0.007451930083
0.007610280067
0.007813350298
0.008169360459
0.008588939905
0.008627300151
0.008894969709
0.00931482017
0.009515619837
0.009681790136
0.009686050005
0.009703470394
0.01002299972
0.01014569961
0.01018640026
0.01043010037
0.01095150039
0.01096790005
0.01097260043
0.01122250035
0.01165749971
0.0117325997
0.01177049987
0.01181269996
0.01198660024
0.01216410007
0.01222399995
0.01259780023
0.01282760035
0.01299269963
0.01312869973
0.01338309981
0.01339870039
0.01343860012
0.01370809972
0.01373710018
0.01404710021
0.01425999962
0.01437480003
0.01455320045
0.0146885002
0.01478900015
0.01488120016
0.01499160007
0.01499710046
0.01518990006
0.01534759998
0.01535969973
0.01582670026
0.01588080078
0.01611069962
0.01614519954
0.01638540067
0.01648209989
0.01660509966
0.01666660048
0.01669869944
0.01685239933
0.01703130081
0.01724999957
0.01734350063
0.01761589944
0.01781480014
0.01802220009
0.01806809939
0.01807839982
0.0182048995
0.01830220036
0.01852639951
0.01852920093
0.01897590049
0.01904149912
0.0192901995
0.01948620006
0.0194968991
0.0195220001
0.01969709992
0.01983929984
0.01998469979
0.02012009919
0.02017500065
0.02046390064
0.02047600038
0.0205067005
0.02098990045
0.02105250023
0.02106530033
0.02116289921
0.02126769908
0.02129049972
0.02143019997
0.02144549973
0.02165880054
0.02190599963
0.02195359953
0.02198549919
0.02218909934
0.02238309942
0.02249879949
0.02254379913
0.02261609957
0.02281410061
0.02301329933
0.02325090021
0.02354620025
0.02361750044
0.02386430092
0.0239051003
0.02396439947
0.02418090031
0.02478980087
0.02480090037
0.02482539974
0.02515600063
0.02566999942
0.02570899948
0.02573830076
0.02592369914
0.02656180039
0.02675719932
0.02684519999
0.02691159956
0.02693549916
0.02697510086
0.02705099992
0.02716669999
0.02721289918
0.02725750022
0.02750799991
0.02751230076
0.02762939967
0.02786090039
0.02797859907
0.02799550071
0.02801170014
0.02804479934
0.02821329981
0.02845700085
0.02867200039
0.02878450043
0.02879929915
0.02892939933
0.02901889943
0.0290903002
0.02915029973
0.02924739942
0.02929469943
0.02938730083
0.02961039916
0.02963100001
0.02978079952
0.02997259982
0.03006459959
0.03007910028
0.03022729978
0.03048739955
0.03055790067
0.03072630055
0.03091740049
0.03093289956
0.03100560047
0.03108369932
0.03117029928
0.03120869957
0.03134449944
0.03136470169
0.03137490153
0.03138459846
0.03155180067
0.03159099817
0.03180810064
0.0322499983
0.03257749975
0.032602299
0.03265180066
0.03269910067
0.03273339942
0.03278059885
0.03281430155
0.03296000138
0.03307370096
0.03316770121
0.03327199817
0.033351399
0.03339799866
0.03361890092
0.0337985009
0.03409859911
0.03439030051
0.03441790119
0.03443409875
0.03482870013
0.0349172987
0.03500910103
0.03505460173
0.03514349833
0.03518009931
0.03530180082
0.03531239927
0.03561940044
0.03568900004
0.0358472988
0.03591889888
0.03610999882
0.03612300009
0.03628189862
0.03630840033
0.03640849888
0.03684530035
0.03747079894
0.03748580068
0.03753909841
0.03781029955
0.03781469911
0.03784479946
0.03786469996
0.03791150078
0.03817659989
0.03863580152
0.03875559941
0.03887249902
0.03917830065
0.03950820118
0.0396355018
0.03999039903
0.04033059999
0.04034399986
0.04039819911
0.04051090032
0.04053480178
0.04066839814
0.04117650166
0.0413098
0.04139009863
0.04158110172
0.04169389978
0.0417358987
0.04183639959
0.04187149927
0.04204849899
0.04239359871
0.04257730022
0.04269820079
0.04277940094
0.04291509837
0.04299530014
0.04314099997
0.0433017984
0.04330249876
0.04334200174
0.0436687991
0.04371159896
0.04378959909
0.04379869998
0.0438695997
0.04387269914
0.04387550056
0.04392139986
0.0439571999
0.04402729869
0.04415810108
0.04432350025
0.0446115993
0.04480079934
0.04497120157
0.04523820058
0.04561519995
0.0456434004
0.0456551984
0.04596659914
0.04602269828
0.04603429884
0.04614619911
0.04636849836
0.0464124009
0.04643870145
0.04667409882
0.04705600068
0.0471307002
0.04725300148
0.04737149924
0.04747499898
0.04752089828
0.04771009833
0.04772369936
0.04785700142
0.04788450152
0.04792439938
0.04824550077
0.04826449975
0.04828429967
0.04828520119
0.04866620153
0.0488854982
0.04891360179
0.04917610064
0.04927020147
0.04927689955
0.04939780012
0.04970809817
0.04976920038
0.04984970018
0.05006799847
0.05008289963
0.05031650141
0.05062549934
0.05079879984
0.05096890032
0.05098069832
0.0510017015
0.05124590173
0.05141630024
0.0514293015
0.0516403988
0.05178759992
0.05188560113
0.05194969848
0.05196829885
0.05204730108
0.05253329873
0.05293750018
0.05306610093
0.05313070118
0.05314090103
0.05317090079
0.05324659869
0.05330500007
0.05348460004
0.05371220037
0.05386549979
0.05395689979
0.05424769968
0.05441720039
0.05508850142
0.05530609936
0.05532930046
0.05551429838
0.05595330149
0.05601590127
0.05604710057
0.05618179962
0.05655340105
0.05670920014
0.056726899
0.05674910173
0.05681400001
0.05718129873
0.05720220134
0.05793860182
0.05798849836
0.05807530135
0.05813039839
0.05828920007
0.05862610042
0.05870519951
0.0589812994
0.05918280035
0.05925739929
0.05932369828
0.05933040008
0.05936450139
0.05944709852
0.05983339995
0.05984869972
0.06027689949
0.0603801012
0.06045030057
0.06074929982
0.06100970134
0.06110090017
0.06114729866
0.06127339974
0.06129699945
0.06148479879
0.06177740172
0.06195700169
0.06204079837
0.06222710013
0.06223810092
0.06248170137
0.06253489852
0.062539801
0.06258410215
0.06273239851
0.0628708005
0.06320630014
0.06325759739
0.06363350153
0.06381119788
0.06397850066
0.06413570046
0.06432820112
0.06446799636
0.06460289657
0.06468199939
0.06502740085
0.06506949663
0.06526689976
0.06549160182
0.06552609801
0.06604819745
0.06614980102
0.06634029746
0.06635420024
0.06662750244
0.06689470261
0.0670953989
0.06759110093
0.06799550354
0.06816810369
0.06826779991
0.06829019636
0.06829900295
0.06841380149
0.06843409687
0.06920009851
0.06945659965
0.06994520128
0.07007669657
0.070386298
0.07045520097
0.07137849927
0.07144980133
0.07154720277
0.07161279768
0.07179290056
0.07186389714
0.07226370275
0.07228770107
0.07254809886
0.07257509977
0.07269170135
0.0728347972
0.0731716007
0.07322639972
0.07336559892
0.07343599945
0.07353519648
0.07357300073
0.07365360111
0.07377570122
0.07378509641
0.07403890043
0.07423959672
0.07427810133
0.0744882971
0.07472959906
0.07479350269
0.07490719855
0.0749123022
0.07583449781
0.07606910169
0.07621949911
0.07632569969
0.07633569837
0.07642419636
0.0764503032
0.07645539939
0.076477997
0.07662080228
0.07667440176
0.0769411996
0.07700040191
0.07762499899
0.07766640186
0.07775930315
0.07779189944
0.07795699686
0.07812540233
0.07824119925
0.07836610079
0.07863820344
0.07866469771
0.07876949757
0.07904479653
0.07924710214
0.07932420075
0.07980260253
0.07984810323
0.07994499803
0.08017010242
0.08051279932
0.08051519841
0.08053690195
0.08078590035
0.0813909024
0.08140379936
0.08208270371
0.08228769898
0.08249080181
0.08276340365
0.08309649676
0.08312249929
0.08334580064
0.0835724026
0.08361390233
0.08399020135
0.0839926973
0.08420000225
0.08427560329
0.08441250026
0.08488129824
0.08528350294
0.08536329865
0.08552619815
0.08573900163
0.08574119955
0.08589609712
0.08608750254
0.08622220159
0.08639779687
0.08672229946
0.08675319701
0.08704470098
0.08720260113
0.08735410124
0.08835569769
0.0884533003
0.08861199766
0.08861690015
0.08880379796
0.08894920349
0.08902870119
0.08935250342
0.08951490372
0.0898950994
0.08993440121
0.09019699693
0.0904712975
0.09112180024
0.09146969765
0.09213010222
0.09218879789
0.09233179688
0.09253960103
0.09267479926
0.09299139678
0.0931141004
0.09359119833
0.09389960021
0.09394010156
0.09398379922
0.09426379949
0.09451919794
0.09452410042
0.09463330358
0.09480910003
0.0950948
0.09510540217
0.09518799931
0.09540239722
0.09544119984
0.09547010064
0.0957005024
0.09573540092
0.09580329806
0.09589479864
0.09590619802
0.09627190232
0.0963376984
0.09651699662
0.09657560289
0.09671449661
0.09697730094
0.09705659747
0.09724870324
0.09736719728
0.09740339965
0.09768299758
0.09774889797
0.09777680039
0.09786889702
0.09795340151
0.09818050265
0.09857989848
0.0987413004
0.09877169877
0.09885779768
0.09919980168
0.09926710278
0.09967099875
0.09969759732
0.09986589849
0.09986949712
0.09995990247
0.1004830003
0.100608997
0.1006300002
0.1006539986
0.1008300036
0.1009270027
0.1013370007
0.1014370024
0.1016189978
0.1024520025
0.1024700031
0.1025680006
0.102907002
0.1029969975
0.1031709984
0.1032489985
0.1032560021
0.1034689993
0.1038210019
0.1039329991
0.1045980006
0.1046620011
0.1048370004
0.1049889997
0.1051080003
0.1051649973
0.1063790023
0.1068470031
0.1068840027
0.1073279977
0.1074289978
0.1077930033
0.1082139984
0.1082599983
0.1084389985
0.108717002
0.1087919995
0.1087969989
0.1088090017
0.1089870036
0.109013997
0.1094139963
0.109522
0.1097119972
0.1098169982
0.1101130024
0.1102880016
0.1103070006
0.1103319973
0.1104940027
0.1105969995
0.110808
0.1113810018
0.1118730009
0.1119450033
0.1120890006
0.112875998
0.1133550033
0.113651
0.1140559986
0.1144950017
0.1145059988
0.1145450026
0.1145579964
0.1145619974
0.1146819964
0.1147829965
0.114827998
0.1149389967
0.115038
0.1153379977
0.115689002
0.115790002
0.1158580035
0.1159230024
0.1159840003
0.1160020009
0.1160319969
0.1162139997
0.1163249984
0.1170300022
0.1170919985
0.1177039966
0.1177679971
0.1181219965
0.1181349978
0.118152
0.1182319969
0.1183639988
0.1190500036
0.1191779971
0.1192229986
0.1194479987
0.1196580008
0.1198650002
0.1198820025
0.1199529991
0.1201409996
0.1201509982
0.120385997
0.1206479967
0.1206599995
0.1207699999
0.1210199967
0.121333003
0.1218689978
0.1220410019
0.1225159988
0.1227789968
0.1229540035
0.1233059987
0.1234290004
0.1238370016
0.1239169985
0.1240630001
0.1244269982
0.1246569976
0.1249060035
0.1253090054
0.125594005
0.1260550022
0.1260820031
0.1261229962
0.1263110042
0.1264380068
0.1264490038
0.1265020072
0.1266269982
0.1267129928
0.1268749982
0.1271419972
0.1271560043
0.127410993
0.1274230033
0.1278910041
0.1283780038
0.1295550019
0.1298529953
0.1299159974
0.1300359964
0.1304630041
0.1307220012
0.1313540041
0.131396994
0.132051006
0.1329029948
0.1329690069
0.1330430061
0.1331810057
0.1332599968
0.133472994
0.1336610019
0.133791998
0.1338540018
0.1339409947
0.1339440048
0.1341949999
0.1342079937
0.1342519969
0.1343960017
0.1344120055
0.1345620006
0.1351709962
0.1352069974
0.1352140009
0.1354999989
0.1357859969
0.1359190047
0.1362390071
0.1365790069
0.136710003
0.1369750053
0.1372350007
0.1373520046
0.1376309991
0.1376609951
0.1376679987
0.1377799958
0.1382389963
0.1384350061
0.1388449967
0.1389700025
0.1390759945
0.1391180009
0.1396079957
0.1397690028
0.1404799968
0.1405780017
0.1406189948
0.1406230032
0.1407839954
0.1408900023
0.1410290003
0.1411699951
0.1413220018
0.1413380057
0.1415430009
0.1422210038
0.142287001
0.1427830011
0.1430750042
0.1432559937
0.1438249946
0.1438619941
0.1438760012
0.1439419985
0.1440269947
0.144216001
0.1445470005
0.1446810067
0.1452320069
0.1453620046
0.1466850042
0.1469140053
0.1469720006
0.1470199972
0.1472129971
0.147754997
0.1483609974
0.1484120041
0.148488
0.1490090042
0.149198994
0.1492599994
0.1492940038
0.1494050026
0.1494500041
0.1495719999
0.1500270069
0.1501999944
0.1504079998
0.1504150033
0.1504949927
0.1506700069
0.1518670022
0.1526390016
0.1527799964
0.152936995
0.1530479938
0.1531980038
0.1535629928
0.1541599929
0.1542789936
0.1545590013
0.1549459994
0.1555150002
0.1556849927
0.1557530016
0.1557880044
0.1562339962
0.1563349962
0.1566019952
0.1567849964
0.156941995
0.1574960053
0.1577949971
0.1580899954
0.1584690064
0.1592819989
0.1597429961
0.1599739939
0.1602409929
0.1603569984
0.1604900062
0.1606930047
0.1609240025
0.1613540053
0.1614309996
0.1619780064
0.1621740013
0.1625130028
0.1625529975
0.1634259969
0.1635870039
0.1636009961
0.1638430059
0.1641539931
0.1642690003
0.1643359959
0.1648010015
0.1653999984
0.1656419933
0.1657149941
0.1657589972
0.1662900001
0.1669960022
0.1671849936
0.1673530042
0.1678850055
0.1680759937
0.1680980027
0.168422997
0.1689770073
0.1691319942
0.1693840027
0.1696700007
0.1700399965
0.1710689962
0.1714159995
0.1716559976
0.1718280017
0.1724549979
0.1725990027
0.1726019979
0.1726430058
0.1727530062
0.1728470027
0.1731600016
0.1732040048
0.1732379943
0.1741790026
0.1742549986
0.1744720042
0.174612999
0.1764580011
0.1767829955
0.1781429946
0.1786250025
0.178914994
0.1789299995
0.1789990067
0.1790470034
0.179132998
0.1803199947
0.181141004
0.1811580062
0.1813230067
0.1814910024
0.1819780022
0.1821199954
0.1827259958
0.1828660071
0.1833699942
0.1838530004
0.1845210046
0.1847230047
0.1850599945
0.1854819953
0.1855569929
0.1861619949
0.1869100034
0.1877689958
0.1883410066
0.1886720061
0.1891279966
0.1894579977
0.1896679997
0.1902229935
0.1905560046
0.1911720037
0.1911749989
0.1913309991
0.1914139986
0.1914349943
0.1914409995
0.1922180057
0.1922329962
0.1925279945
0.1925690025
0.1931679994
0.1932370067
0.1934069991
0.1934359968
0.1934659928
0.1936420053
0.1937469989
0.1952269971
0.1953199953
0.195600003
0.1958470047
0.1962189972
0.1963669956
0.1966519952
0.1986590028
0.198785007
0.199101001
0.1999190003
0.2011220008
0.2014539987
0.2016189992
0.2022130042
0.2025569975
0.202591002
0.2026479989
0.2027049959
0.2027930021
0.2035460025
0.2038210034
0.2045409977
0.2053190023
0.2053499967
0.2055650055
0.2057150006
0.2060379982
0.2060820013
0.207434997
0.2077230066
0.2081220001
0.2083220035
0.2085949928
0.2112289965
0.2130610049
0.2137310058
0.2139309943
0.213973999
0.2142540067
0.215455994
0.2160619944
0.2175199986
0.2177730054
0.2178449929
0.2178539932
0.2215439975
0.2217720002
0.2219579965
0.2231069952
0.2231550068
0.2235729992
0.2239100039
0.2248889953
0.2249680012
0.2251950055
0.2252729982
0.2253340036
0.2255209982
0.2257180065
0.2257490009
0.2264689952
0.2275110036
0.2284850031
0.2290319949
0.2296220064
0.230321005
0.2305520028
0.2321269959
0.2352190018
0.236955002
0.2369710058
0.2372529954
0.2380580008
0.2384739965
0.2400179952
0.2400700003
0.2400940061
0.2424619943
0.2425159961
0.2433760017
0.2437489927
0.244490996
0.2445710003
0.2463690042
0.2478619963
0.2481569946
0.2483880073
0.2490449995
0.2507939935
0.2519930005
0.2535589933
0.2536349893
0.255309999
0.2554120123
0.2571620047
0.2590160072
0.2612949908
0.2617830038
0.262093991
0.2624759972
0.2634260058
0.2640030086
0.2657870054
0.2669610083
0.2671549916
0.267174989
0.267219007
0.2723970115
0.2725020051
0.276917994
0.2784720063
0.2793160081
0.2802149951
0.2833999991
0.2865790129
0.2946920097
0.2955569923
0.2956950068
0.2983750105
0.2986530066
0.2987340093
0.3005410135
0.3006739914
0.3014129996
0.3027949929
0.3046329916
0.304933995
0.3062869906
0.3086110055
0.3112049997
0.3133850098
0.313921988
0.3157770038
0.3160139918
0.3177129924
0.3205769956
0.322059989
0.3222100139
0.3230679929
0.3246560097
0.3250229955
0.3256520033
0.3258520067
0.3284119964
0.3297849894
0.3318240047
0.3321929872
0.334762007
0.3351849914
0.3355540037
0.3362500072
0.3385359943
0.3427020013
0.3429349959
0.3433609903
0.3436309993
0.3464109898
0.3503240049
0.3584229946
0.3635190129
0.3805730045
0.3819630146
0.384867996
0.4096379876
0.4261139929
0.4357419908
0.4368799925
0.5090399981
