-0.183243
-0.181437
-0.170605
-0.156163
-0.154357
-0.14172
-0.136304
-0.132693
-0.130888
-0.130888
-0.127277
-0.125472
-0.121861
-0.121861
-0.120056
-0.120056
-0.11825
-0.11825
-0.11825
-0.116445
-0.116445
-0.11464
-0.112834
-0.111029
-0.109224
-0.109224
-0.107418
-0.103808
-0.102002
-0.102002
-0.102002
-0.0983915
-0.0965861
-0.0947808
-0.0929754
-0.0929754
-0.0893647
-0.0893647
-0.0875594
-0.0875594
-0.0875594
-0.0875594
-0.0875594
-0.085754
-0.0839487
-0.0839487
-0.0839487
-0.0821433
-0.0821433
-0.080338
-0.080338
-0.080338
-0.080338
-0.0785326
-0.0785326
-0.0767273
-0.0749219
-0.0731166
-0.0731166
-0.0713112
-0.0713112
-0.0713112
-0.0695059
-0.0677005
-0.0677005
-0.0658952
-0.0658952
-0.0640898
-0.0640898
-0.0640898
-0.0640898
-0.0622845
-0.0586738
-0.0586738
-0.0568684
-0.0568684
-0.0568684
-0.0550631
-0.0550631
-0.0550631
-0.0550631
-0.0550631
-0.0550631
-0.0550631
-0.0532577
-0.0532577
-0.0514524
-0.0514524
-0.0496471
-0.0478417
-0.0478417
-0.0478417
-0.0478417
-0.0460364
-0.0460364
-0.0460364
-0.0460364
-0.044231
-0.044231
-0.044231
-0.044231
-0.044231
-0.0424257
-0.0424257
-0.0406203
-0.0406203
-0.0406203
-0.0406203
-0.0406203
-0.038815
-0.0370096
-0.0370096
-0.0370096
-0.0352043
-0.0352043
-0.0352043
-0.0333989
-0.0315936
-0.0315936
-0.0315936
-0.0315936
-0.0297882
-0.0297882
-0.0279829
-0.0279829
-0.0279829
-0.0279829
-0.0279829
-0.0279829
-0.0243722
-0.0243722
-0.0243722
-0.0225668
-0.0225668
-0.0225668
-0.0225668
-0.0207615
-0.0207615
-0.0207615
-0.0207615
-0.0207615
-0.0189561
-0.0189561
-0.0189561
-0.0171508
-0.0171508
-0.0153454
-0.0153454
-0.0153454
-0.0135401
-0.0117347
-0.0117347
-0.0117347
-0.0117347
-0.0099294
-0.0099294
-0.0099294
-0.00812405
-0.00812405
-0.0063187
-0.0063187
-0.0063187
-0.00451336
-0.00270801
-0.00270801
-0.00090266
-0.00090266
0.000902688
0.000902688
0.000902688
0.000902688
0.00270804
0.00270804
0.00270804
0.00270804
0.00451338
0.00451338
0.00451338
0.00451338
0.00631873
0.00631873
0.00631873
0.00631873
0.00812408
0.00812408
0.00812408
0.00812408
0.00992943
0.00992943
0.00992943
0.0117348
0.0117348
0.0135401
0.0153455
0.0171508
0.0189562
0.0207615
0.0207615
0.0225669
0.0225669
0.0225669
0.0225669
0.0243722
0.0243722
0.0243722
0.0261776
0.0261776
0.0261776
0.0279829
0.0297883
0.0315936
0.0315936
0.0333989
0.0370096
0.0406203
0.0406203
0.0424257
0.044231
0.044231
0.044231
0.0496471
0.0496471
0.0496471
0.0514524
0.0514524
0.0532578
0.0532578
0.0532578
0.0568685
0.0586738
0.0604792
0.0622845
0.0658952
0.0658952
0.0677006
0.0677006
0.0677006
0.0713113
0.0713113
0.074922
0.074922
0.074922
0.0767273
0.0767273
0.0785326
0.080338
0.0839487
0.085754
0.0893647
0.0893647
0.0911701
0.0911701
0.0947808
0.0965861
0.0965861
0.0983915
0.0983915
0.102002
0.102002
0.107418
0.107418
0.109224
0.109224
0.109224
0.111029
0.111029
0.11464
0.11464
0.116445
0.120056
0.123666
0.123666
0.125472
0.125472
0.125472
0.129082
0.129082
0.130888
0.130888
0.132693
0.134498
0.136304
0.136304
0.138109
0.139914
0.145331
0.147136
0.147136
0.148941
0.150747
0.154357
0.157968
0.161579
0.166995
0.170605
0.190464
0.197686
0.206712
0.215739
0.230182
