-1.608160615
-1.560786605
-1.436441064
-1.41745913
-1.356109381
-1.280645013
-1.269817472
-1.253359914
-1.207873702
-1.204890966
-1.189422369
-1.18774879
-1.152343392
-1.144211531
-1.141611934
-1.102417231
-1.100953817
-1.073953509
-1.05415988
-1.053322911
-1.043717027
-1.028584123
-0.9714197516
-0.9703482985
-0.9652176499
-0.9565772414
-0.9536708593
-0.9442538619
-0.9436241388
-0.9432428479
-0.9429169893
-0.9261245728
-0.92412889
-0.9154292941
-0.9110589623
-0.9042279124
-0.9029903412
-0.9014139771
-0.9012300372
-0.8951406479
-0.8949654102
-0.8923330903
-0.8898880482
-0.8805369735
-0.8608612418
-0.8555082679
-0.8499771357
-0.8496198654
-0.8395441175
-0.8366851211
-0.8235698342
-0.8048114777
-0.7913333178
-0.7791352868
-0.7778484821
-0.7750063539
-0.7725687623
-0.7644044161
-0.761036098
-0.7605137825
-0.7528963685
-0.7457888722
-0.7413018942
-0.7410777807
-0.7404025197
-0.7360423803
-0.73106426
-0.729550004
-0.7246038318
-0.7169727683
-0.7167800069
-0.7004005909
-0.7003574967
-0.6996216178
-0.6945242882
-0.6918922067
-0.6909632087
-0.6900693178
-0.6807967424
-0.6790676713
-0.6789417863
-0.6770021319
-0.6733996868
-0.6722390652
-0.6711423993
-0.6706725955
-0.6671326756
-0.6615636349
-0.6515954733
-0.6463871598
-0.6443549991
-0.643253088
-0.6421396732
-0.6349982023
-0.630187571
-0.6291000247
-0.6276273131
-0.6216132641
-0.6215659976
-0.6177589893
-0.6118928194
-0.6069338918
-0.5943965912
-0.5929412842
-0.5919297338
-0.5896582603
-0.5877308846
-0.5849097371
-0.5844811797
-0.577622354
-0.5696921945
-0.5680664778
-0.5649626851
-0.5568745136
-0.555775404
-0.5470427275
-0.5439881086
-0.5439245701
-0.5404358506
-0.5402925611
-0.5330653787
-0.5258479118
-0.5241636038
-0.5216542482
-0.5171895027
-0.5155534148
-0.510083735
-0.5099259019
-0.5088894367
-0.507361412
-0.506891191
-0.4987827837
-0.4958688021
-0.4943966866
-0.4927493632
-0.4904086292
-0.4883340299
-0.4851163328
-0.4827062488
-0.4758061469
-0.469127655
-0.4668987691
-0.4666556716
-0.4631190896
-0.4630993605
-0.4615342617
-0.4585981667
-0.4534417689
-0.4514439404
-0.4489582479
-0.4477314651
-0.4476996362
-0.4476347268
-0.4463926256
-0.4445863664
-0.4422034025
-0.4408012927
-0.4397083223
-0.4395026267
-0.4372449219
-0.4349178672
-0.4272911251
-0.427185446
-0.4243631363
-0.4221682847
-0.4208587706
-0.4133225679
-0.41281721
-0.4120692015
-0.4115334451
-0.408205092
-0.4076167345
-0.4055216908
-0.4050217569
-0.4048048556
-0.4003022313
-0.3958138227
-0.3949870467
-0.3908950388
-0.3899630606
-0.3895596564
-0.3888290823
-0.3855035603
-0.3800650537
-0.3797522783
-0.3795957565
-0.3780329525
-0.3752369881
-0.3733790815
-0.3687324822
-0.3663309515
-0.3628395796
-0.3619128764
-0.3606343865
-0.359932065
-0.3564086556
-0.3551786542
-0.3546594083
-0.3520871997
-0.34996894
-0.3487358391
-0.3484869003
-0.3480223119
-0.3441575468
-0.3400355279
-0.3381054103
-0.3373391926
-0.3357053101
-0.3326183856
-0.3312112093
-0.3289725482
-0.3265331686
-0.3264589012
-0.3262247145
-0.3257599473
-0.3255786598
-0.3247557878
-0.3226294816
-0.3176461756
-0.3168511391
-0.3156454563
-0.3113170862
-0.3110105693
-0.3109651208
-0.31078282
-0.3096458912
-0.3086663485
-0.308056742
-0.3078919947
-0.3073235452
-0.3063281775
-0.3060691953
-0.305333823
-0.3030290902
-0.3023817539
-0.2998394668
-0.2981164753
-0.2972137034
-0.2966494262
-0.2948535681
-0.2919180095
-0.2918500006
-0.2910558879
-0.2905736864
-0.2903857529
-0.2901193202
-0.2889022827
-0.2876106799
-0.2861080766
-0.2857888639
-0.2850141227
-0.2831771076
-0.2815033197
-0.2800688744
-0.27861619
-0.2774192095
-0.2765549421
-0.2763130963
-0.2762834728
-0.2762760222
-0.2741616368
-0.2736413777
-0.2711600959
-0.2706246078
-0.2669706345
-0.2662526071
-0.2661300302
-0.2657845616
-0.265348196
-0.2647479475
-0.26274845
-0.2624083459
-0.261487633
-0.2607527375
-0.260348171
-0.2573610246
-0.25726524
-0.2568865716
-0.255977124
-0.2551822662
-0.2542497218
-0.2537726462
-0.2536719143
-0.2524730563
-0.2522496581
-0.2510614097
-0.2497479022
-0.2492428124
-0.2487644553
-0.2478476316
-0.2466515154
-0.2449125946
-0.2442353517
-0.2439549863
-0.243455261
-0.2411284149
-0.2406249791
-0.2401598096
-0.2401542515
-0.2398678958
-0.2393273264
-0.2382867038
-0.2376524508
-0.2375745326
-0.2372892946
-0.2364585698
-0.2359534949
-0.2349583507
-0.2348554134
-0.2312673479
-0.2300190181
-0.2300000191
-0.2283154875
-0.2278526276
-0.2272707224
-0.2253201455
-0.2245153189
-0.2241569161
-0.2224842459
-0.2224777788
-0.2224040776
-0.2218409032
-0.2217394859
-0.2215268612
-0.2213930339
-0.221272856
-0.2212123275
-0.2209436148
-0.2206147611
-0.219453305
-0.219351843
-0.219234243
-0.2188125849
-0.2184799165
-0.2180484384
-0.2176069319
-0.2175189257
-0.2173354477
-0.2138000876
-0.2135902196
-0.213488698
-0.2128710151
-0.2128554881
-0.2122609615
-0.2099307477
-0.2099020928
-0.2094907612
-0.2089488357
-0.2084991634
-0.2083441615
-0.2069386244
-0.2060516179
-0.2060094476
-0.2054541707
-0.205230996
-0.2047446817
-0.2040083855
-0.2035542428
-0.2032750696
-0.2025967836
-0.2025095969
-0.2024906874
-0.2017776966
-0.2012857199
-0.2011373639
-0.2008786649
-0.2001553774
-0.199047327
-0.1981267631
-0.1978534162
-0.1970689297
-0.1967917234
-0.1934107095
-0.1933326125
-0.1930841953
-0.1929996908
-0.1924279332
-0.1922103912
-0.1919088364
-0.1918925494
-0.1918692887
-0.1917394549
-0.1915986836
-0.1914873272
-0.1910095811
-0.1902385801
-0.1894486696
-0.1892389655
-0.1891344637
-0.1886790842
-0.1884800494
-0.187521711
-0.1867479235
-0.1862976104
-0.1860904545
-0.1860736609
-0.1854677647
-0.1853612959
-0.1846538782
-0.1844529212
-0.1841620207
-0.1841291636
-0.1839284152
-0.1838811934
-0.1831469834
-0.1828697324
-0.1826153547
-0.1825940162
-0.1814020425
-0.1809961796
-0.1800030917
-0.1797947586
-0.1788120717
-0.1785416752
-0.1776667684
-0.1775261015
-0.177071467
-0.1770376712
-0.1764433384
-0.1752696186
-0.1742869914
-0.1741569489
-0.1734734476
-0.1731753796
-0.1728938818
-0.1720494628
-0.171722278
-0.1715283692
-0.1714042723
-0.1712893695
-0.1711482853
-0.1708131284
-0.1690587699
-0.1686645448
-0.1684634984
-0.1681622714
-0.1678280681
-0.1677809507
-0.1673176736
-0.167089045
-0.1670545936
-0.1670407802
-0.1667279899
-0.165831089
-0.1658270061
-0.1651577204
-0.1651306748
-0.1641208231
-0.1634327173
-0.1630491912
-0.162929818
-0.1621914357
-0.1620416194
-0.1605637819
-0.1598122269
-0.1597882807
-0.1590514332
-0.1585180014
-0.1576368511
-0.1574250013
-0.15699251
-0.1569487602
-0.1560242772
-0.155961886
-0.1558419764
-0.155026406
-0.1544014812
-0.1542286128
-0.1536143273
-0.1535175443
-0.1534240991
-0.1520120353
-0.1515849531
-0.1512725353
-0.1501219273
-0.1498447508
-0.1490597725
-0.1489320248
-0.1487394124
-0.1485980153
-0.1474268138
-0.1463684142
-0.1459504366
-0.1453118771
-0.1451680809
-0.1450760514
-0.1449277699
-0.144887805
-0.1444319636
-0.1441648751
-0.1439588219
-0.1433770657
-0.1433608979
-0.1423898041
-0.1422154456
-0.1421661526
-0.1414096057
-0.1404625773
-0.1399375647
-0.139680177
-0.1395836025
-0.1391280591
-0.1386478096
-0.1380701214
-0.1379701495
-0.1375098079
-0.1368775666
-0.1364810616
-0.1360268593
-0.135726124
-0.1355712712
-0.1352404356
-0.1344815493
-0.1328263432
-0.1325328797
-0.1317708343
-0.1314389259
-0.1309232563
-0.1306000948
-0.1304490268
-0.129965499
-0.1299303174
-0.129898414
-0.1297290623
-0.1293919384
-0.1290249377
-0.1289165467
-0.1288955957
-0.1287087649
-0.1282937676
-0.1281365752
-0.1280831546
-0.1280189157
-0.1270967871
-0.1268882453
-0.1265846193
-0.1265654713
-0.126311183
-0.1262343824
-0.1258034557
-0.1257980466
-0.1256671399
-0.1255759895
-0.1249299347
-0.1245516613
-0.1245082915
-0.1239135712
-0.1238738
-0.1236736029
-0.1233891696
-0.1230926067
-0.1225339845
-0.1214283407
-0.1213981211
-0.1208999753
-0.1205586866
-0.1205423176
-0.1204305589
-0.1203960851
-0.1198160574
-0.1198044717
-0.11964719
-0.1193552911
-0.1187848523
-0.1184135079
-0.1181594953
-0.117775932
-0.1174031869
-0.1168800741
-0.1159622669
-0.115427725
-0.1153612137
-0.1151436195
-0.1151050702
-0.114863947
-0.1146045923
-0.1145984307
-0.1145156473
-0.1144999787
-0.1144098267
-0.1141592264
-0.1137493178
-0.1130395383
-0.1129022986
-0.1125346273
-0.1122664139
-0.1121734083
-0.1118095592
-0.1118030772
-0.1116275862
-0.1114790514
-0.1110494956
-0.111007154
-0.1108942479
-0.1106881872
-0.1105058268
-0.1099625602
-0.1097729877
-0.10940139
-0.1081272662
-0.1076643616
-0.1073126569
-0.1069582105
-0.1067176238
-0.1066415459
-0.1066041887
-0.1064773276
-0.1059763357
-0.1057594046
-0.1057398021
-0.1056993753
-0.1056208611
-0.1052135974
-0.1048697829
-0.1046032906
-0.1044256687
-0.1042281687
-0.1041710824
-0.1038457602
-0.1037807092
-0.1033667177
-0.1032359451
-0.1028271541
-0.1027520895
-0.1026922166
-0.1026346385
-0.1024881974
-0.1020056605
-0.1016183197
-0.1012365595
-0.1009539738
-0.100854367
-0.1008360535
-0.1003637835
-0.09994219244
-0.09987481683
-0.09962232411
-0.09954722971
-0.09949998558
-0.09947039187
-0.09884017706
-0.0987168625
-0.09847797453
-0.09753474593
-0.09676766396
-0.0966629833
-0.096189484
-0.09618106484
-0.0961285755
-0.09597952664
-0.09538457543
-0.0951827094
-0.09499050677
-0.0942183733
-0.09418978542
-0.09391505271
-0.09383894503
-0.09381145984
-0.09375037253
-0.09362799674
-0.09340821207
-0.09311751276
-0.0928196907
-0.09275949001
-0.09270464629
-0.09269988537
-0.09212187678
-0.09125014395
-0.09092763066
-0.09084167331
-0.09034701437
-0.09008410573
-0.09005947411
-0.09004156291
-0.08941370994
-0.08925431222
-0.08815733343
-0.08814676851
-0.08746419102
-0.08724710345
-0.08699224144
-0.08597660065
-0.08596157283
-0.08567408472
-0.08565955609
-0.08525300026
-0.08475989848
-0.08462698013
-0.0840587765
-0.08397734165
-0.08394489437
-0.08391169459
-0.08371794224
-0.08318112791
-0.08303425461
-0.08300961554
-0.08294288069
-0.08292306215
-0.08288174868
-0.08259262145
-0.08252074569
-0.08249170333
-0.08236396313
-0.08223400265
-0.08219695836
-0.08178073168
-0.0811798349
-0.08107181638
-0.08105957508
-0.08104241639
-0.08098886162
-0.08098082989
-0.08091711998
-0.08091560751
-0.08075868338
-0.08067462593
-0.08057482541
-0.08034073561
-0.08011334389
-0.07997766882
-0.07988724858
-0.07982067019
-0.07962793112
-0.07926686853
-0.07923356444
-0.07885932922
-0.07879367471
-0.07877435535
-0.07867720723
-0.07805225998
-0.07786171883
-0.07738824189
-0.07727558911
-0.07714824378
-0.07709253579
-0.07669043541
-0.07660358399
-0.07642641664
-0.07618719339
-0.07593877614
-0.07591146976
-0.07574039698
-0.0754455328
-0.07542836666
-0.0746742636
-0.07438283414
-0.07372679561
-0.07363199443
-0.07316360623
-0.07312036306
-0.07293342799
-0.07273632288
-0.07261707634
-0.07253460586
-0.07239694148
-0.07206933945
-0.07201840729
-0.07189311832
-0.0714777112
-0.07134643942
-0.07086442411
-0.07084544003
-0.07066560537
-0.07055108249
-0.07053010911
-0.07047437131
-0.07022956014
-0.06964669377
-0.06950867176
-0.06946860254
-0.06936799735
-0.06917925179
-0.06916788965
-0.06866709888
-0.0681482479
-0.0679038018
-0.06774955988
-0.0676459074
-0.0675547719
-0.06742881238
-0.06742100418
-0.06741658598
-0.06727398932
-0.06726489961
-0.06722158939
-0.06710947305
-0.06702148169
-0.06648045033
-0.0663607493
-0.06560906768
-0.06515998393
-0.06504303962
-0.06502400339
-0.06497185677
-0.06491322815
-0.0648901239
-0.06480829418
-0.06469106674
-0.06446835399
-0.06406677514
-0.06404041499
-0.06394819915
-0.06383833289
-0.06354822963
-0.06295380741
-0.06293748319
-0.06293261051
-0.06291412562
-0.06270281225
-0.06265918911
-0.06243688613
-0.06237130985
-0.06233239174
-0.06200898439
-0.06185521185
-0.06179878116
-0.06168632209
-0.06146728247
-0.06073347852
-0.06065114215
-0.06053652614
-0.06049641222
-0.06044384465
-0.06043188274
-0.06024761125
-0.06001554057
-0.05999900028
-0.05966159701
-0.05954734609
-0.05954017863
-0.05910173059
-0.0590862222
-0.05905410647
-0.05880673602
-0.05867093056
-0.05859232321
-0.05852284282
-0.05840018764
-0.05816143006
-0.05812614039
-0.05808559805
-0.05805340037
-0.0576402992
-0.05754679441
-0.05749263987
-0.05723488331
-0.05703914911
-0.05692334846
-0.05677707121
-0.05667953938
-0.05667881668
-0.05649176985
-0.05639001727
-0.05610774457
-0.05607420951
-0.05596476048
-0.05547245592
-0.05531492457
-0.0551870428
-0.05479390547
-0.05476533622
-0.05473097414
-0.05463650078
-0.0542910248
-0.05406468362
-0.0538948141
-0.05373639986
-0.05327176675
-0.0530814752
-0.05297948048
-0.05297889933
-0.05288425833
-0.05250529572
-0.05214668065
-0.0517176576
-0.05171297118
-0.05136571825
-0.05133539811
-0.05132138357
-0.05130261555
-0.0509327203
-0.05087823793
-0.05066342652
-0.05061785877
-0.05048841238
-0.05037114024
-0.05026601255
-0.05023511127
-0.05018442124
-0.04949605837
-0.04944261909
-0.04937183857
-0.04919603094
-0.04913506284
-0.04895372689
-0.0489244014
-0.04868995026
-0.04856102169
-0.04853732511
-0.04794963077
-0.04790091142
-0.04759024456
-0.0475351885
-0.04738391936
-0.04712297022
-0.04680156335
-0.04677795246
-0.04669982567
-0.04667601362
-0.04662375897
-0.04640476778
-0.04588060081
-0.04570985958
-0.0455866307
-0.04557666183
-0.04554667696
-0.04544225335
-0.04535498843
-0.04490216449
-0.04474609345
-0.04470700398
-0.04469017312
-0.04467695579
-0.04459745809
-0.0445821099
-0.04455528408
-0.04433149472
-0.04432598874
-0.04430503398
-0.0442648679
-0.04414035007
-0.04401075095
-0.04333321378
-0.04330086336
-0.0429096818
-0.04274629802
-0.04257155955
-0.04239505529
-0.04184380174
-0.04143302143
-0.04142807052
-0.04135031998
-0.04116052762
-0.04059203342
-0.04040276259
-0.04025342688
-0.04012335837
-0.03997251764
-0.03990456834
-0.03979004547
-0.03975800797
-0.03973951191
-0.039359577
-0.03935299814
-0.03905563429
-0.03890479356
-0.03884868696
-0.03871518746
-0.03865588084
-0.03860976174
-0.03853602707
-0.03837288916
-0.03831483796
-0.03824198991
-0.038194675
-0.03794901073
-0.03786751255
-0.03780557588
-0.03762998432
-0.03744736686
-0.03738900274
-0.03738542274
-0.03737911209
-0.03716904297
-0.03704356775
-0.03696090728
-0.03685447946
-0.03663397953
-0.03648787737
-0.03640259057
-0.03635657579
-0.03630786762
-0.03588375449
-0.03583129868
-0.03552184999
-0.03507246077
-0.0350015834
-0.03477081284
-0.0347413756
-0.03472961858
-0.03411763906
-0.03408573195
-0.03405681252
-0.03380278125
-0.03379838914
-0.03369884565
-0.03368709236
-0.03347946331
-0.03317746893
-0.03296511993
-0.03292262927
-0.03289641067
-0.0327815488
-0.03266293555
-0.03263353556
-0.03251800686
-0.03221958131
-0.03220229223
-0.03190730512
-0.03170171753
-0.03164738044
-0.0316356048
-0.03163168579
-0.03156686202
-0.03134489059
-0.03098930046
-0.03093963489
-0.03076105379
-0.03048355505
-0.03043231741
-0.03035884537
-0.03012269922
-0.03009031154
-0.03008190356
-0.02999066189
-0.02985409088
-0.02980042621
-0.02964441665
-0.02952297032
-0.02935216948
-0.02916820906
-0.02877816744
-0.02877536416
-0.02875796333
-0.02872226201
-0.02862144262
-0.02855327912
-0.02845705859
-0.02841330692
-0.02836544998
-0.02750862949
-0.02742527612
-0.02699461579
-0.02684128657
-0.02668544464
-0.02650008351
-0.02626235597
-0.0262192972
-0.02607248724
-0.02599393204
-0.025812665
-0.02541281655
-0.0254062023
-0.02535676584
-0.02534750849
-0.02529370226
-0.02529191226
-0.02507968247
-0.0246619191
-0.0245994404
-0.02452826872
-0.02440178767
-0.02439282835
-0.02438767068
-0.02433763072
-0.02416522987
-0.02401810698
-0.02401064336
-0.02369415388
-0.0231839139
-0.02311354876
-0.02306465618
-0.02276557125
-0.02276259102
-0.02260270528
-0.02218006924
-0.02209470049
-0.02198666148
-0.02186482772
-0.02181704715
-0.0218085181
-0.0216929242
-0.02147427946
-0.02139412612
-0.02136884071
-0.02119451948
-0.02076665685
-0.02076623961
-0.02064881101
-0.02033074386
-0.02032786608
-0.02006566711
-0.02002257295
-0.01990536787
-0.0198728852
-0.01987144351
-0.01951229572
-0.01917652413
-0.01916400716
-0.01914926618
-0.01912280172
-0.0189524889
-0.01879793406
-0.01878114417
-0.01845113747
-0.01836817525
-0.01812457293
-0.01809538156
-0.01797000133
-0.01796223596
-0.01791819558
-0.01788827963
-0.01785079204
-0.0178109929
-0.01754485629
-0.01740657352
-0.01716208272
-0.01715408079
-0.01699227653
-0.01685853489
-0.01677756757
-0.01670225151
-0.01665730588
-0.01657233387
-0.01628324948
-0.01613563113
-0.01611587219
-0.015990749
-0.01592248492
-0.0157880988
-0.01575321332
-0.01563834585
-0.01555901859
-0.01533024479
-0.01528239157
-0.01526442077
-0.01522136666
-0.01520601474
-0.01513769384
-0.01510209218
-0.01504427753
-0.01502675191
-0.01471986994
-0.01469432097
-0.01461947337
-0.01423404552
-0.01413207222
-0.01409788989
-0.01409104466
-0.0139560625
-0.0139362663
-0.01363420114
-0.01358184312
-0.01341398992
-0.01325166505
-0.0131499609
-0.01277577505
-0.0126787005
-0.01232515834
-0.01225983258
-0.01199576911
-0.01191427466
-0.01180730481
-0.01178404503
-0.01142151561
-0.01136959251
-0.01125039812
-0.0112249935
-0.01090322156
-0.0107965786
-0.01066037361
-0.01050757244
-0.01038922276
-0.01030837931
-0.01024547033
-0.01021126658
-0.009953810833
-0.009645810351
-0.009639043361
-0.009599398822
-0.009515477344
-0.0092823226
-0.009177621454
-0.009092636406
-0.008817194961
-0.00864222832
-0.008534030989
-0.008402671665
-0.008354974911
-0.008338905871
-0.008233653381
-0.008207997307
-0.008191224188
-0.008066202514
-0.007937508635
-0.007915100083
-0.007912091911
-0.007711827289
-0.007531526033
-0.007468264084
-0.007256607525
-0.007123486605
-0.007015864365
-0.006993624382
-0.006957855541
-0.006631068885
-0.006316176616
-0.006126215681
-0.005913602654
-0.005876475014
-0.005849289242
-0.005720763467
-0.005538817961
-0.005291161127
-0.005038865842
-0.005026826635
-0.004923941568
-0.004694672767
-0.00452134572
-0.004490057006
-0.004475524183
-0.003933451138
-0.003876848612
-0.003425176023
-0.003304934129
-0.003226397792
-0.003117319662
-0.002654911019
-0.002575187478
-0.002552451799
-0.002385203494
-0.002150296001
-0.001412821584
-0.001374960411
-0.001014346723
-0.0007763244794
-0.0006656391197
-0.0004476499453
-0.0003021179291
-0.0002153499081
-5.057027738e-05
0.0004071104049
0.0006209428539
0.0006824912853
0.0007129909354
0.0007206400624
0.001101288944
0.001355102402
0.001646994613
0.001677390886
0.001693080063
0.00183110428
0.001867419807
0.001880337833
0.001923924312
0.002212312538
0.002553854836
0.002710230416
0.002802419243
0.003006560728
0.003108121455
0.003116745269
0.00321003818
0.003253320465
0.003467048053
0.003680302296
0.004016891588
0.004067842849
0.004258759785
0.004282298032
0.004524587654
0.004861533642
0.005345708691
0.005432573147
0.005433056969
0.005521696992
0.005763946567
0.005841402337
0.006003066897
0.006335505284
0.00671178475
0.006821504328
0.00687379716
0.007050782442
0.007154508494
0.007285078987
0.007314107381
0.007640597411
0.008216002025
0.008246084675
0.008254521526
0.008289063349
0.008384304121
0.008682503365
0.008955555968
0.009251940064
0.009446877055
0.009590723552
0.00988009572
0.01007609721
0.010105283
0.01040008757
0.01050874591
0.01056724507
0.01066286676
0.01076427475
0.01078336406
0.0108209271
0.01089432742
0.01105428021
0.01129504014
0.01132624131
0.01132928766
0.01134857442
0.01139461342
0.01162240468
0.01166401897
0.01167386957
0.01171692554
0.0122419931
0.0124403676
0.01264672168
0.01286596339
0.01289906073
0.01309517678
0.01338290144
0.01355824433
0.01357354317
0.01366725843
0.01373820473
0.01384983025
0.01388191525
0.01413142774
0.01461844798
0.01468161494
0.01487666368
0.01494084112
0.0150156999
0.01506367698
0.01550357509
0.01558994688
0.01574422978
0.01578911766
0.01587683894
0.01646803319
0.01652361453
0.01684579626
0.01716825366
0.01720943302
0.01726360992
0.01739510708
0.0175745599
0.01760189608
0.01835576259
0.01858835481
0.01863527484
0.01872475259
0.01933433861
0.01943108626
0.01954075694
0.01963722147
0.01968593709
0.01971648261
0.01981652528
0.0200721994
0.02013395168
0.02055167221
0.02057255059
0.02082230709
0.02130899765
0.02131753229
0.02150093205
0.02173360623
0.0219680164
0.02211109921
0.02245573513
0.02260392718
0.02280316502
0.02283549868
0.02304528281
0.02305897698
0.02309550717
0.02334165014
0.02396277897
0.02470127307
0.02483307198
0.02499201894
0.02531208843
0.02533462271
0.02542344667
0.02559445985
0.0260730125
0.02610255033
0.02614039741
0.02615462802
0.02669920214
0.02670063451
0.02670839801
0.02711812779
0.02720751986
0.02751950361
0.02789192833
0.02792176791
0.02803823724
0.02875639498
0.02881870419
0.02884761244
0.02893564664
0.02899878472
0.02932270244
0.02943467535
0.02959359996
0.0297765173
0.03050972708
0.03057624213
0.03064728715
0.03083398938
0.03089452721
0.03120429441
0.03134994581
0.03136828542
0.0313857533
0.03143649548
0.03154967725
0.03161757067
0.03164900467
0.03193189204
0.03220832348
0.03239646927
0.03248900175
0.03254048899
0.032572072
0.03273956478
0.03280813992
0.03323587403
0.03353090212
0.03364501148
0.03364602849
0.03368639573
0.03372893855
0.03385630623
0.03388136253
0.03402371332
0.03412824124
0.03441439569
0.03489046171
0.03489046916
0.03512785584
0.0353311114
0.03553846106
0.03554218635
0.03573956713
0.03587868065
0.03591773659
0.03612608835
0.03615181148
0.03662010282
0.03668121994
0.03684829548
0.03715083003
0.03719038889
0.03747560456
0.03752166778
0.03753315657
0.03777831793
0.03800927848
0.03801664338
0.03806198761
0.0383936204
0.03847467899
0.03856737912
0.03861790895
0.03890964761
0.03894678131
0.03990609199
0.03996104747
0.04000088945
0.04079001024
0.0410124585
0.04146750644
0.04157179594
0.04186858982
0.04248915613
0.04258923233
0.04263132438
0.0426886715
0.04285309836
0.04288445413
0.0429767482
0.04367292672
0.04370325431
0.04409593344
0.04512629285
0.04519231617
0.04523117468
0.04531368613
0.04661251977
0.04668358713
0.04691158608
0.04698002711
0.04733201489
0.0473917909
0.04753817618
0.04755427316
0.04770543426
0.04803966731
0.04808378592
0.04816194624
0.04816300422
0.04831984639
0.04837648943
0.04871581495
0.048772268
0.04890773818
0.04920494929
0.04936444014
0.04939893261
0.04958517104
0.04974142089
0.04988500476
0.04991667345
0.05007730424
0.05044313148
0.05079559609
0.05087853968
0.05090667307
0.05101459473
0.0510933809
0.05118716136
0.05163418502
0.05212653801
0.0521386005
0.05228056759
0.05282532051
0.05370919406
0.05399366468
0.054540243
0.05464085191
0.0551071614
0.05517596751
0.0551764071
0.05543521419
0.05545838177
0.05571750924
0.05603688583
0.05610036105
0.05614338443
0.05635822564
0.05658055097
0.05669333786
0.05670210347
0.05686052889
0.05695872009
0.05731346458
0.0573896803
0.05755570531
0.0579161942
0.05822501332
0.05850866437
0.05906101689
0.05916439742
0.05978573859
0.05991453305
0.06003341451
0.06004113331
0.06008543447
0.06012789905
0.06021343917
0.06033411622
0.06053495407
0.06057102606
0.06090215594
0.06098323315
0.06108402833
0.06115828082
0.06123112142
0.06168376282
0.06173255295
0.06189147756
0.06216851622
0.0626218915
0.06272003055
0.06274949759
0.06285366416
0.06327287853
0.06333116442
0.06341324002
0.06342320889
0.0635747537
0.06409046799
0.06435703486
0.0644666627
0.06467780471
0.06475755572
0.06569325179
0.06571988761
0.06620191038
0.06663858145
0.06685294211
0.06687439978
0.06693463027
0.06743505597
0.06780669093
0.06792145222
0.068174541
0.06843195111
0.06855370104
0.0688270703
0.06891676784
0.0690779537
0.06934466213
0.06948591024
0.06993794441
0.07064526528
0.07087103277
0.07138745487
0.07195842266
0.0727558583
0.07275974005
0.07289414108
0.07293719798
0.07294721901
0.07298396528
0.0730098933
0.07306361943
0.07314148545
0.07326038182
0.07328343391
0.07335484028
0.07353460789
0.07405977696
0.07424972951
0.07427301258
0.0742970109
0.0743419081
0.07471911609
0.07503855973
0.07507605851
0.07514327019
0.07526230812
0.07532212883
0.0754025057
0.07552417368
0.07601059228
0.07602404803
0.07640828192
0.0764119029
0.07649986446
0.07652502507
0.07656232268
0.07657763362
0.07671812922
0.07688160241
0.07727292925
0.07754018903
0.07765764743
0.07841325551
0.07922756672
0.07925887406
0.07928033918
0.08003558218
0.08056563139
0.08073173463
0.08076240867
0.08097963035
0.08128387481
0.08134136349
0.08142437786
0.0815050602
0.08176489174
0.08191681653
0.08236625046
0.08274444193
0.083114326
0.08314668387
0.08317025751
0.08351977915
0.08355139196
0.0836789757
0.0837533325
0.08396907896
0.08447766304
0.08502278477
0.08543442935
0.08557587862
0.08562524617
0.08575895429
0.08580084145
0.08648543805
0.08655267209
0.08711253107
0.08724351227
0.08807619661
0.08812209219
0.08816331625
0.08863139898
0.0887638852
0.08936291933
0.08948595822
0.08952228725
0.09016501158
0.09028833359
0.09034013003
0.09067450464
0.09090042859
0.09101618826
0.09117942303
0.09176938981
0.09196596593
0.09197019041
0.09211330116
0.09215760976
0.09285659343
0.0930146724
0.09361436218
0.09363733977
0.09371566027
0.09389836341
0.09412395954
0.09425293654
0.09457375109
0.09457742423
0.09539811313
0.09555044025
0.09569411725
0.09582938254
0.0960707888
0.0961015746
0.09625206143
0.09673390538
0.0968073532
0.09682069719
0.09693040699
0.09700661153
0.09716088325
0.09732614458
0.09803684056
0.09812282771
0.09903224558
0.1002232283
0.1002625003
0.1003266647
0.1006264314
0.1007665098
0.1011570543
0.1014044061
0.1015145034
0.1015392467
0.1015930101
0.1016341373
0.101771459
0.102164492
0.1027281135
0.1030174494
0.1032881662
0.1035912931
0.1036777869
0.103846252
0.1038628221
0.1038724929
0.1038735807
0.1039897278
0.1040399075
0.1044375002
0.1046331227
0.105065532
0.1051116958
0.1052126959
0.1054035798
0.1060828194
0.1068243533
0.1069149897
0.1071415022
0.1072131023
0.1077691391
0.1078598052
0.1079225242
0.1079972163
0.1083221361
0.1084960476
0.1085034087
0.1085120514
0.1087795943
0.1088242903
0.1088706031
0.1093163565
0.1093326434
0.1094525903
0.1098374128
0.1108305752
0.1115965024
0.1117669195
0.1122692749
0.1123912707
0.1125415266
0.1131344959
0.1139764041
0.1140842512
0.1144813821
0.1147312149
0.1151735187
0.1153485551
0.1153777763
0.1154178083
0.115853928
0.1159181297
0.1159854755
0.116010353
0.1163470447
0.1163839251
0.1164177135
0.1164269596
0.1167428195
0.1167936549
0.1168412417
0.1169520468
0.1171999648
0.1172158048
0.1172286719
0.1183613166
0.1190022677
0.1192247495
0.1194993332
0.119970344
0.1202312112
0.120667167
0.120709531
0.1209436804
0.1212017089
0.1212187707
0.1212222278
0.1216007173
0.1217849776
0.1218140274
0.1218481287
0.1228516623
0.1242071539
0.1248657107
0.1253433973
0.1255525053
0.1257968247
0.1259825677
0.1265523881
0.1266043037
0.1272504032
0.1274953634
0.1277977526
0.1279707551
0.1280734837
0.1285039485
0.1287766099
0.1288338155
0.1292851418
0.1294712275
0.1297702193
0.1298263669
0.1299873888
0.1306210011
0.1309521049
0.1313319951
0.1315434128
0.1315587312
0.131972596
0.1320474297
0.1320596337
0.1323360801
0.1325328499
0.1325554997
0.1331764311
0.1334365606
0.1334570497
0.1334986836
0.1336346567
0.1341924518
0.134694308
0.1353849471
0.1355732232
0.1359305978
0.1362493634
0.1367986947
0.1369154602
0.1373859346
0.1379592717
0.1389216483
0.1392017603
0.1399454176
0.1400648504
0.1400971413
0.1405186802
0.1408600807
0.1408825666
0.1411928684
0.1413640976
0.1414019912
0.1422156394
0.1425945312
0.1426821202
0.1427843273
0.1438961178
0.1439221948
0.1443936676
0.1447024196
0.1451980621
0.1452337801
0.1456724256
0.1458898634
0.1459908187
0.1460897774
0.1463247091
0.1464015543
0.1470602453
0.147773698
0.1480332613
0.1484789252
0.1488207132
0.1492389292
0.1492573023
0.1494529992
0.1498660296
0.1499182433
0.1504175216
0.1505792439
0.1514988691
0.1518209279
0.152094081
0.1525959074
0.152706176
0.1537106782
0.1542997211
0.1543043107
0.154501915
0.1546057314
0.1548703164
0.1548904926
0.1550346166
0.1550350487
0.1552029252
0.1552352756
0.1553985029
0.1556171626
0.1557551026
0.1560709774
0.1562143862
0.1566274315
0.1572709978
0.1573518068
0.1574348956
0.1577761322
0.1581868529
0.1584687531
0.1586203277
0.1586914212
0.1587373763
0.158825174
0.1591548324
0.1593593806
0.1599661857
0.1600146294
0.1603713781
0.1609135121
0.1613981277
0.1616289169
0.1616381109
0.1621423364
0.1622267216
0.1625450701
0.1628586054
0.1629580259
0.1634435952
0.1638245434
0.1641364247
0.1645639092
0.1647930592
0.1654664576
0.1662035584
0.1669810414
0.1669858694
0.167955637
0.1692792028
0.1698377877
0.1700781584
0.1705838144
0.1714675426
0.1716902703
0.171988681
0.1723125726
0.1729896665
0.1742696166
0.1746565551
0.1752130836
0.1754652709
0.1757712066
0.1766205281
0.1770262718
0.1770582199
0.1772320867
0.1774748415
0.1785078198
0.1786603183
0.1794608235
0.1795960218
0.1810611039
0.1814899892
0.1825924516
0.1831369251
0.1835432053
0.1836042851
0.1854816228
0.1855174601
0.1856846213
0.1861239374
0.186360091
0.1870021522
0.1878056526
0.1878117323
0.1888221204
0.1893075705
0.1897073388
0.1912610978
0.1914270967
0.1923181564
0.1925040334
0.1926783621
0.1928822696
0.1929886192
0.1930011958
0.1930981278
0.1931627244
0.1932992786
0.193552196
0.1940317601
0.1941992044
0.1946048737
0.1948427111
0.1954886466
0.1957907975
0.1960311383
0.1963764429
0.197633028
0.1982538253
0.198544234
0.1986103207
0.1995517612
0.1995697021
0.1997161359
0.1998593062
0.1999514103
0.2001409978
0.2006939054
0.2009447515
0.2017146349
0.2019534707
0.2023400515
0.2033686191
0.2034937441
0.2037425041
0.2037785053
0.2039206475
0.203924492
0.2040535957
0.2040724307
0.2042553425
0.2047885209
0.2049852312
0.2056204826
0.2069541365
0.2071931511
0.2072858214
0.2073984593
0.2082093656
0.2087896168
0.2088795155
0.208993569
0.2090229094
0.2093954533
0.2095968127
0.2096205056
0.2098470926
0.2098874301
0.2101245224
0.2102184594
0.2106678933
0.2110878378
0.2123101503
0.2123771608
0.2129316777
0.2140838206
0.2151636779
0.2153767049
0.2173138559
0.2174684256
0.2178702056
0.2179700136
0.2199576646
0.2212097794
0.222318247
0.2228629589
0.2272240669
0.2278196365
0.2280002087
0.2307294309
0.2314088792
0.2314520031
0.2315748185
0.2320357412
0.2322346568
0.233315438
0.2334533334
0.2336288393
0.2340541929
0.2351759076
0.2357974648
0.235862866
0.2370878011
0.2383065522
0.2384989113
0.2395631671
0.2396649271
0.2397056818
0.2399029583
0.2411948293
0.2411991954
0.2421313524
0.2436305732
0.2437311113
0.2438222319
0.2448978871
0.2450607568
0.2450947911
0.2461892366
0.2470065951
0.247487843
0.2482369393
0.248605296
0.2490375787
0.2498771101
0.2507732809
0.2514925003
0.2519831359
0.2529067695
0.2554577589
0.2560298145
0.2562039196
0.2564153075
0.2568863332
0.2584688962
0.2586404681
0.2599264979
0.2599266768
0.2602521777
0.2611772716
0.2613606751
0.2623855174
0.2636262476
0.2639902234
0.2642094195
0.2645715475
0.2649748921
0.2655048668
0.2661975324
0.2679039836
0.2685790658
0.2690385282
0.2699602842
0.2710807025
0.2713318169
0.2722533643
0.2729585469
0.2732832134
0.2734576464
0.2737465203
0.274196744
0.2742397785
0.2750677764
0.2752005756
0.276001811
0.2769665122
0.2781844139
0.2798545063
0.2803564668
0.2809796035
0.281914413
0.2837527692
0.2848750949
0.2849378884
0.2853498757
0.2861537039
0.2877444029
0.2893675268
0.2916987836
0.2920923531
0.2937430441
0.2953310311
0.2954531312
0.2960812449
0.2962599397
0.2992332578
0.3006072044
0.3007793427
0.3014301658
0.303508997
0.3035801053
0.3039592505
0.3040262461
0.3051915765
0.3052800894
0.3072309792
0.3076427877
0.3111400008
0.3115625381
0.3133213222
0.3148205876
0.314960748
0.3152949512
0.3158482611
0.3159158826
0.3167815208
0.3223093748
0.323025018
0.3234382868
0.3236631155
0.3242331445
0.3252108991
0.3253797591
0.3261084557
0.3262397945
0.3267898262
0.327707082
0.3278181851
0.3285917044
0.3292443752
0.3292827308
0.3296013772
0.3296031952
0.3308696747
0.333909601
0.334931016
0.335249424
0.3370479643
0.3382012844
0.3384518921
0.3397803903
0.3416106701
0.3426803648
0.3441495597
0.3444170058
0.3448067009
0.3452572823
0.3472459912
0.3478866518
0.3484875262
0.3495948315
0.3499020934
0.3501929939
0.3503085673
0.3525520861
0.3528311253
0.3529373407
0.3545375168
0.3610490263
0.3624525368
0.3628070951
0.3633719981
0.3640430272
0.3665150404
0.3692009449
0.3716033101
0.3722702265
0.373085618
0.3751713634
0.3753181994
0.3763249516
0.3776437342
0.3794110119
0.3808429837
0.3812847733
0.3840811253
0.384334594
0.3858742416
0.3860621452
0.3900355995
0.3910763264
0.3923684359
0.3923746347
0.3941310048
0.3950740099
0.3953804672
0.3970765173
0.3972294033
0.3974964023
0.3977381289
0.3998747766
0.4003316462
0.4017399549
0.4020839036
0.4030919075
0.403298974
0.4049704373
0.4054882228
0.4056598246
0.4140630662
0.4146441817
0.4151487052
0.4153539538
0.4155244231
0.4162491262
0.417940855
0.4184266627
0.4200049639
0.4209925234
0.4215923846
0.4222939014
0.4271984994
0.4314317703
0.4352991879
0.4361314774
0.437753588
0.4377942681
0.4381465614
0.4390537739
0.4408489168
0.4409703016
0.4441964626
0.444766134
0.4472472668
0.4475227594
0.450111419
0.4527481496
0.4566597044
0.4570816159
0.4573106766
0.4621276259
0.4626701772
0.4632863104
0.4652703106
0.4670528471
0.4676594138
0.4680542946
0.4705248475
0.4723831713
0.4763034582
0.4773816466
0.4793124199
0.4815755486
0.4823759198
0.4875996709
0.4882520139
0.4913002551
0.4936255515
0.4962224662
0.5026754737
0.5037133694
0.5067600012
0.506955862
0.509508431
0.5099768043
0.5140721202
0.5187683702
0.5204663277
0.5243450999
0.5293112993
0.5322281718
0.5340767503
0.5390836596
0.539309144
0.5524305701
0.5553839207
0.5585226417
0.5601772666
0.5756012797
0.5776756406
0.5852947235
0.5904854536
0.5923441648
0.5938161612
0.6036624908
0.6075780392
0.6077201366
0.6182839274
0.6189795732
0.6242511272
0.6279396415
0.6313570142
0.6397088766
0.6418558955
0.6419019699
0.6660829186
0.7245431542
0.7298998237
0.7355287671
0.7538480759
0.756881237
0.76239568
0.7624588013
0.7668636441
0.771037221
0.7869867682
0.8294386864
0.9406132698
0.9629297853
