-0.168305
-0.145864
-0.123423
-0.123423
-0.123423
-0.123423
-0.123423
-0.123423
-0.123423
-0.100983
-0.100983
-0.100983
-0.100983
-0.100983
-0.100983
-0.100983
-0.100983
-0.100983
-0.100983
-0.100983
-0.0785421
-0.0785421
-0.0785421
-0.0785421
-0.0785421
-0.0785421
-0.0785421
-0.0785421
-0.0785421
-0.0785421
-0.0785421
-0.0785421
-0.0785421
-0.0785421
-0.0785421
-0.0785421
-0.0785421
-0.0561015
-0.0561015
-0.0561015
-0.0561015
-0.0561015
-0.0561015
-0.0561015
-0.0561015
-0.0561015
-0.0561015
-0.0561015
-0.0561015
-0.0561015
-0.0561015
-0.0561015
-0.0561015
-0.0336609
-0.0336609
-0.0336609
-0.0336609
-0.0336609
-0.0336609
-0.0336609
-0.0336609
-0.0336609
-0.0336609
-0.0336609
-0.0336609
-0.0336609
-0.0336609
-0.0112203
-0.0112203
-0.0112203
-0.0112203
-0.0112203
-0.0112203
-0.0112203
-0.0112203
-0.0112203
-0.0112203
-0.0112203
0.0112203
0.0112203
0.0112203
0.0112203
0.0112203
0.0112203
0.0112203
0.0112203
0.0112203
0.0112203
0.0112203
0.0112203
0.0112203
0.0112203
0.0336609
0.0336609
0.0336609
0.0336609
0.0336609
0.0336609
0.0336609
0.0336609
0.0336609
0.0561015
0.0561015
0.0561015
0.0561015
0.0561015
0.0561015
0.0561015
0.0561015
0.0561015
0.0561015
0.0785421
0.0785421
0.0785421
0.0785421
0.0785421
0.0785421
0.0785421
0.100983
0.100983
0.100983
0.100983
0.100983
0.100983
0.100983
0.100983
0.100983
0.100983
0.100983
0.100983
0.100983
0.123423
0.123423
0.123423
0.123423
0.123423
0.123423
0.123423
0.123423
0.123423
0.123423
0.123423
0.123423
0.123423
0.123423
0.145864
0.145864
0.145864
0.168305
0.168305
